0.295086	-0.181835	-0.0442886	0.0972825	-0.0589729	0	0.392338	0	0	0.0737475	0	-0.212938	0.0818208	-0.45842	-0.191809	-0.272345	-0.179075	0.0671387	0	0.217951	-0.1394	0.338959	-0.262188	0.354435	0	-0.0835408	0.152701	0.445762
-0.41247	-0.166464	-0.012475	0.0553902	0	-0.0294681	-0.299109	0	0	-0.251666	-0.156761	0	0.00697132	-0.12653	-0.0278743	0	-0.115075	0.0653796	0	0	0	-0.198296	0.436848	0.177162	0.289976	-0.238494	0.285674	0
0	0	0	0	0	0	0	0	0	0	0	0	0	0	0	-0.0494572	-0.123967	0	0	0.188276	0	0	-0.104508	0.149528	-0.0419905	0	0	0.0271246
0	0.293073	0	0	0	0	0	0	0	0	-0.0976441	0	0	0	0	-0.0202569	0.0745999	0.0622564	0	0	0	-0.281134	0	0.0688745	0	0	0	0
-0.228427	-0.0959905	0.0310791	-0.0144368	0	0	-0.125551	-0.0363825	0	-0.0216898	-0.0805054	0.132571	0.0132684	0	0.0402713	0.092256	-0.0831074	0.272463	0	0	0	-0.142167	0.181353	-0.161222	-0.0189121	-0.0721039	-0.260382	-0.21408
0	0	0	0.00594137	0	-0.00147518	0	-0.00253169	0	0	0	0	0	-0.00306934	-0.0036803	0	0	0	0	0	0	0	0	0	0	0	0	0
0	0	0	0	0	0	0	0	0	0	0	0	0	-0.00112834	0	0	0	0	0	0	0	0	0	0	0	0	0.00188835	0
0	0	0	0	0	0	0	0	0	0	0.0168375	0	0	0	0	0	-0.0228587	0	0	0	0	0.0356729	0	0	0	0	0	0
-0.0615544	0	0	0	0	0	0	0	0	0.114579	0	0	0	0	0	0	0	0	0	0	0	-0.0926669	0	0	0	0	0	0
0.00287266	0	0	0	0	0	0	0	0	-0.00327733	0.00278165	0	-0.0020012	0	0	0	0	0	0	0	-0.00171635	0	0	0	0	0	0	0
0.166878	0.060117	-0.0568729	0.0315394	0	0	0.0946378	0	0	-0.0314773	0.0853046	0	-0.0267316	0	-0.0304646	-0.0988313	0.0760575	0.0082961	-0.217597	-0.183344	0	0.134548	0	-0.105232	-0.0518506	-0.0550764	0	0.220199
0	0	0	0	0	0	0	0	0	0	0	0	0	0	0	0	0	0	0	0	0	-0.00192821	0	0	0	0	0	0
0	0	0	0	0	0	0	0	0	0	-0.00112629	0	0	0	0	-0.00107497	0	0	0	0	0	0.00111812	0	0	0	0	0	0
0	0	0	0	0	0	0	0	0	0	0	0	0	0	0	0	0	0	0	0	0	0	0	-0.00134263	0	0	0	0
0	0	0	0	0	0	0	0	0	0	0	0	0	0	0	0	0	0	0	0	0	0	0	0	0	0	0	0
0.274544	0	-0.317519	-0.149738	0	0	0.156373	0	-0.0391766	0	-0.117102	0.336714	0	-0.256185	0	0.322328	0.0875466	0	-0.528011	-0.162203	0	-0.307341	-0.116912	0.0888521	-0.108399	0	-0.313129	0.144378
0	0	0	0	0	0	0	0	0	0	0	0	0	0	0	0	0	0	0	0	0	0	0	0	0	0	0	0
-0.236465	0	0	0.244849	-0.153749	0.152022	-0.31402	0	0	0.0523019	0	-0.310915	0.198025	0.260418	0.278512	0	0	0	0.113092	0	0	0	0	0	0.202481	0	0.137089	0
0	0	0	0	0	0	0	0	0	0	0	0	0	0	0	0	0	0	0	0	0	0	0	0	0	0	0	0
0	0	0	0	0	0	0	0	0	0	0	0	0	0	0	0	0	0	0	0	0	0	0	0	0	0	0	0
0	0	0.0191933	0	0	0	0	0	0	0	0	0	-0.0685537	0	0	0	-0.0143416	0	0	0	0	0	0.0372068	0	0	-0.0374858	0	0
0	0.0995239	0	0	0	0	0	0	0	0	0	0.087967	0	0.00534519	0	0	-0.0731192	-0.0742839	0	-0.108119	0	0	0	0	-0.139175	0	0	0
0	0	0	0	0	0	0	0	0	0	0	0	0	0	0	0	0	0	0	0	0	0	0	0	0	0	0	0
0	0	0	0	0	0	0	0	0	0	0	0	0	0	0	0	0	0	0	0	0	0	0	0	0	0	0	0
0	0	0	0	0	0	0	0	0	0	0	0	0	0	0	0	0	0	0	0	0	0	0	0	0	0	0	0
0	0	0	0	0	0	0	0	0	0	0	0	0	0	0	0	0	0	0	0	0	0	0	0	0	0	0	0
0	0	0	0	0	0	0	0	0	0	0	0	-0.0012167	0	0	0	0	0	0	0	0	-0.00122585	0	0	0	0	0	0
0	0.00415783	0	0	0	0.00290155	-0.00139679	0	0	0	0	0	0.00371416	0.0031066	0	0	0	0	0	0	0	0	-0.00207296	0	0	0	0	0
0	0	0	0	0	-0.00796927	0	0	0	0	0	-0.0190751	0	0	0	-0.0194608	0	-0.00519167	0.0125372	0	0	0.00818154	0	0	0	0	0	0
0	0	0	0	0	0	0	0	0	0	0	0	0	0	0	0	0	0	0	0	0	0	0	0	0	0	0	0
0.091562	-0.118973	0	0	-0.107614	0	0.275993	0	-0.114473	0	0	0.493056	-0.283741	-0.114753	-0.270624	0	0	0	0	0	0	0	-0.196302	-0.0745888	0.243015	-0.360916	0.0534364	-0.231454
0.129339	0.211633	0	-0.0369217	-0.0877097	0	0.246071	0	0	0.502704	0	0	0.0602083	-0.152806	0	0.00724225	-0.168563	-0.00384589	0.176284	-0.229977	-0.273797	0	-0.15612	-0.418446	-0.277678	0.0143833	-0.254638	0.653303
0	0.0844961	0.0273611	0	-0.107305	0	0.115985	0	0	0.0856554	-0.270704	0.103613	-0.0171401	0	-0.221144	-0.0870001	0	0.191369	0	0	0	0	0	0	0	0	0	0
0	0	-0.0460322	0.0179498	0	0	0	0	0	0	0	-0.0439569	0	0	0.117569	0.060909	0	0	0	0	0	-0.139706	0	0.0411576	0	0.0493326	0	-0.0349679
0.0967971	0	0.255231	0.00799009	-0.148727	0	0	0	-0.192817	0.0878999	0	0	0.115415	0	-0.227538	-0.200092	0.112457	0.205539	0.0952449	-0.034913	0	0	0	0	0.0627643	-0.116042	-0.210607	0.263992
0	0.00328575	0	0	0	0	0.00342577	0	0	0	0	0.00376685	0	0	-0.0058128	0	0	0	0	0	0	0	0	0	0	0	0	0
-0.171785	0	0	0	0	0	0	0	0.106313	0	0	0	0	-0.00208966	0.201456	0.0305107	0	0	0	0.237225	0	0	0.140703	0	0	0	0	0.301051
0	0	0	0	0	0	0	0	0	0	0	0	0	0	0	0	0	0	0	0	0	0.0036847	0	0	0	0	0	0
0	-0.00146243	-0.00288051	0	0	0	0	0.00169389	0	0.00194885	0	0	0	0	0	0	0	0	0	0	0	0	0	0	0	0	0	0
0	0	0	0	0	0	0	0.0022475	0	0.000348614	0	0	0.00356758	0	0.00551508	0	-0.0018061	0	-0.00308921	0	0	0	0	0	-0.00263153	0	0	0
-0.239216	0	0.0245604	0	-0.0278122	-0.188092	0	0	0	-0.273214	0.249343	0	-0.0623472	-0.0346235	0.144777	0.0205392	-0.0678561	-0.0907902	0	0	0	0.248212	0.23063	0	-0.0800742	-0.101224	-0.0144363	-0.232134
0	0	0	0	0	0	0	0	0	0	0	0	0	0	0	0	0	0	0	0	0	0	0	0	0	0	0	0
0	0	0	0	0	-0.00123662	0	0	0	-0.00172867	0	0	0	0	0	0	0	0	0	0	0	0	0.0020612	0	0	0	0	0
0	0	0	0	0	0	0	0	0	0	0	0	-0.00799184	0	-0.0140925	0	0	0	0	0	0	0	-0.00999681	0	0	0	-0.00921805	0
0.111479	0	0	0.0320912	0	-0.00902045	0	0	-0.079697	-0.102757	0	0	0	0	0	-0.0929922	0	0	0	-0.185502	0	0	0	0	0.0861486	0	0.048143	-0.105727
-0.0443582	0	0.295601	0.145817	0.201119	0	-0.00962456	0	0	-0.088849	-0.200934	-0.116104	0.369214	0.144158	-0.0636806	0	-0.099153	0.236181	0	-0.176258	0.223437	0.163861	-0.262957	0.147549	-0.24761	0.334052	-0.327661	0.0113014
-0.295323	0	0	0	0.22933	0	0	-0.160094	0	-0.102246	0.13063	0.221137	-0.304595	-0.0227793	0	0	-0.0453669	0	-0.0863381	0	0	0	0	-0.195523	0	-0.0896258	0	0
0	0.219935	0.0657371	0	0	0.159362	0	0	0	0	0	0	0	0	-0.302552	0.10582	0.278143	0	0.207878	-0.0140934	-0.177464	0.0266124	-0.253485	0.103846	0	0	0	0
0	-0.274213	-0.0285024	-0.0921946	0	0	-0.139896	0	0	0	0	0	0	-0.237629	0.273656	0.168984	0	0.136269	-0.219495	0.0517871	0	0.0708855	0	-0.0477448	-0.315809	0	-0.230136	0.0736618
0	0	0	-0.1664	0	-0.111773	0.0779007	0.120058	0	0	0	0	-0.0316705	-0.138512	0	0	0	0	0.156278	0	-0.198987	0.0536873	0	0	-0.105712	0	-0.120139	-0.0674687
-0.0884554	-0.0743029	0	-0.0120554	0.0465084	0	0	0	0	0	-0.101311	0.0665822	0	0	0	0	0	0	0.0577816	0	0	0	0	0	0	0.0543646	0	-0.0136587
0	0	0	-0.376841	-0.213491	0	0.180602	0.0834984	0	-0.181751	0.0677156	-0.144272	0.0554255	0	0	-0.0523606	0.0937244	-0.17886	0.256522	-0.260758	0	0.0272531	0.249411	0	-0.109956	-0.0334502	0.268783	0.147878
0	0	0	0	0	0	0	0	0	0	0	0	-0.0722144	-0.0777806	0	0	0.0300354	0.119006	-0.181265	0.185033	0.0581152	0	0	0	-0.022447	0	0	0
0	0.00154044	0	0	0	0	0	0	0	0	0	0	0	0	0	0	0	0	0	0	0	0	0	0	0.00137991	0	0	0
0	0	0	0	0	0	0	-0.009737	0	-0.0214315	0.0339094	0	0	0	0	0.00607638	0.0163576	-0.0183713	-0.0182258	0	0	0	0.0176839	-0.00492185	0	0	0.011532	0
0	0	0	0	0	0	0	0	0	0	0	0	0	-0.00573888	0.00639601	0	0	0	0	0.00892527	0	0	0	0	0	0	0	0
0	0	0	0	0	0	0	0	0	0	0	0	0.00606054	0	0	0	0	0	0.00225256	0	0	0	0.00284425	0.00512099	0	0	0	0
0	0	0	0	0.00120642	0	0	0	0	0	0	0	0	0	0	0	0	0	0	0	0	0	0	0	0	0	0	0
-0.00102067	0	0	0	0	0	0	0	0	0	0	0	0	0	0	0	0	0	0	0	0	0	0	0	0	0	0	0
0	0	0	-0.0165889	-0.0539096	-0.0125963	0	0	0.00921301	0	0	0	0	0	0	0	-0.0225642	0	0	0	0.0353868	0	0	0	0	-0.0518627	0.0755516	0
0	0.139384	-0.215971	0	-0.156947	0	0	-0.0606285	0.00536231	0.403692	-0.0758661	0.148291	0.290192	0.475979	0	0.0691651	-0.135963	-0.0279058	-0.347438	0.115045	0.311122	-0.315133	-0.200855	-0.282793	-0.0596489	0	0.26401	0
0	0	0.402441	0	0	0	0	0	0	-0.0720887	0.0708025	0	0	0	-0.333441	-0.175909	0.0692314	0	0.196836	0	0	0.228414	0	0	0	-0.240371	0.201786	0
-0.0503331	0	0	0	-0.131641	0	-0.0282787	0.0939568	0	0.254584	0.00269907	0	0	0.335926	0.0788461	0	-0.268409	-0.322795	-0.0930722	0.0365221	0.0296306	0	0	-0.129194	0	0	0.250497	-0.0124873
0	0	0	0.101811	0	0	0	0	0	-0.0731616	-0.0772203	0	0	0	-0.0573499	0	0	0	0	-0.0336513	0.0674176	0.0955007	0	0	0	0	0	0
-0.150269	-0.231545	-0.0367263	0	0	0	0	0	-0.109795	-0.219382	0	0	0	0.0351321	0	0	0.0105199	-0.0438288	0.0599503	0.188332	0.186267	0.134672	0.0756097	0	0.189296	-0.125187	-0.0254632	0
0	0	0	0	0	0	0	-0.00276445	0	0	0	0	0.00461621	0	0	0	0	0	-0.028394	0	0	-0.00839521	0	-0.0169929	0	0	0	0.0104105
0	0	0	0	0.0265007	0	0	-0.0833304	0	0	-0.0499257	0	0	0	0	0	0.0735608	0	-0.20687	-0.0600369	0	0	0	0.0495701	0	0	-0.0702638	0
0	0	0	0	0	0	0	0	0	0	0	0	0.00141907	0	0	0	0	0.00254717	0.00377639	0	0	0	0	0	0	0	0	0
0	0.00295268	0	-0.0586524	0	0	0	0	0	0	0.0260584	0	0	0	0.0437362	0	0	0.0180252	0	0.0214141	-0.0363583	0	0	0	0	0	0	-0.0719052
0	0.00632305	-0.00343151	0	0	0	0	0	0.00291079	0.00378087	0	0	0	0	0	0	0.0020554	0.00357975	-0.00765698	0	0	-0.00939727	0	0	0	0	0	0
0.0397507	0.163357	0	0.144772	-0.00739967	0	-0.0665941	-0.0490819	0.100745	0.275669	0	0.00941635	0	0	0	0	0	0	0	-0.207298	-0.125151	0	-0.133452	-0.177712	-0.0905896	0.1414	-0.00929412	0
0	0	0	0	0	0	0	0	0	0	0	0	0	0	0	0	0	0	0	0	0	0	0	0	0	0	0	0
0	0	0	0	0	0	0	-0.00274025	0	0.0160739	0	0.0080702	0	-0.00433453	0.0205856	0	0	0	-0.0306081	0.00516675	0	-0.0077186	0	0	-0.0134182	-0.0152863	0	0.00892694
-0.119795	0.074104	0.292301	0	0	0	0	-0.130374	-0.165467	0.036357	-0.107395	0	-0.238287	-0.101532	-0.266296	-0.105163	-0.0448623	0.173836	0.0148523	-0.160617	0.0538305	0.303763	0	-0.0431196	-0.102675	0	-0.193636	0
0	0	-0.00509024	0	-0.00384127	0	0	0.00259688	0.00390514	0	0	0	0	0	0.00710491	0.00543281	0	0	0	0	0	-0.00965956	0	0	0	0	0.0105628	0
-0.0470177	-0.463119	-0.253742	-0.330442	0.176808	0	-0.132055	-0.100202	0	-0.421102	-0.243555	-0.0098473	0.166737	0	0.0779563	0	-0.293796	0.645657	-0.0105296	0.591874	0.354643	-0.0145614	0	0.0139666	-0.0828863	-0.169082	0.0864117	0.0396025
0.269856	0	0	-0.437817	-0.301549	-0.152445	0	-0.107838	0	0	0	-0.216155	-0.261273	0.139398	-0.25071	0	-0.404096	0.454625	0	-0.181648	-0.0980306	0.0385522	0	-0.148159	0.122563	0.0351164	0.075115	-0.0344951
-0.157423	-0.284253	-0.103105	0.574287	0.433296	-0.207575	-0.301178	0	0	-0.281377	0.115195	-0.17784	0.222841	0	0.261329	0.141377	0.15883	0	-0.171443	0.0198222	0.0880881	-0.0169754	-0.150851	0	-0.142139	0.19827	-0.137656	0
0.0917111	0.385439	-0.0400048	-0.20603	0	0.362233	0	-0.193245	0	0	0	0	0	0.182093	-0.259804	0	-0.0358054	-0.193682	0	0.428742	0.131985	0	0	0	0.252243	-0.198613	0.140305	0.204267
0	0.0449132	0.0218778	-0.0684258	0	0.0110915	0	0	0	0	0	0	0	0	0	0	0	0	0.00366431	0	0	-0.046952	0.00648808	0	0.00188849	0	0	0
-0.00258408	0	-0.0233436	0.0269384	0	-0.0530084	0	0	0.00714338	0	0	0	0.0584269	0	0.120139	0	0	0	0	0	-0.0302638	0.0420739	0.0560743	0	0	0	-0.0701156	0.0292004
0	-0.248752	0	0.16776	0	-0.172172	0	0.0936839	0	-0.207886	0.0808729	0	0.1262	0	0	0	0	0	0	-0.101542	0	0.266102	0	0	0	-0.0010745	0.0766333	-0.114877
0	0	0.119755	0.288023	0.216177	-0.111015	0	0	0	0	0	0	0	0	0	0	0	0	0	0	-0.0945564	0	0	0.0504477	0	0.195794	0	0
0	0	0	0	0	0	0	0	0	0.0298111	0	0.0462562	-0.0786858	0	-0.0632523	-0.0481706	0	0	0	0	0	0	0	0	0	0	0	0
0	0	0	0	0	0	0	0	0	0.00347088	-0.00177566	-0.00371732	0	0	0	0	0.00218255	0	0	0	0	-0.00289442	0	0	0	0.00309151	0	0
0	0	-0.00365367	0	0	0	0	0	0	0	0	0	0	0	0	0	0	0	0	0	0	-0.00308528	0	0	0.000766053	0	0	0
0	0	0	0.00204789	0	0	-0.00112829	0	0	0	0	0	0	0.00117436	0	0	0	0	-0.00164764	0	0	0	0.00164929	-0.00176847	0	0	0	0
-0.00189921	-0.0198405	0	0	0	0	0	0	0.000902385	-0.0121552	0	0	0	0	0.0248784	0	0	0	-0.0152211	0	0	0.0245962	0	0	0	-0.00570235	0	0
0	-0.00630032	0	0	0.0160236	-0.00651395	0	0	0	0	-0.00763652	0	-0.0207793	0	-0.0090606	0	0	0.00843719	0	0.0303694	0	0	0	0.0230769	0	0	-0.0204137	0.00216078
0	0	0.031682	0	0	0	0	0	-0.00875856	-0.0225727	0	0	0	0	0	0	0	0.000321035	0	0	0	0	-0.0188217	0	0	0	-0.0446139	-0.0226299
-0.131414	0.0173897	-0.0519363	-0.561697	0.108316	0	0.306488	0	0.130434	0.0382255	0.279762	-0.0657284	-0.313562	-0.181753	-0.00265795	0.357296	0	0.168934	0.0490001	0.101106	-0.0463724	-0.284961	0	-0.321835	-0.0866579	0.00527711	0.329868	-0.0859117
-0.232099	-0.207354	-0.20609	0.180437	0.0947246	-0.11202	-0.0585288	0.0307094	0	-0.265331	0	0	0.256243	-0.10885	0.235203	-0.212913	0.141617	-0.0521118	-0.133728	0.200501	0	0.130919	0	0.0587846	0	-0.0810387	0.0396282	0.0827973
0	0	-0.265913	0.125424	0	0	0	-0.0557379	0	0	0	0	0.11049	0.178422	0.0309603	-0.0253638	0	0	-0.00283346	-0.173254	0	0.118471	0	0	-0.0962998	0	0	0
0	0	0	0	0	0	0	0	0	0	0	0	0	0	0	0	0	0	0	-0.0024468	0	-0.0290006	0	0	0	0	0	0
0.0427842	0	0	0.151255	0.00336121	-0.017231	-0.162105	0	0	0.322391	-0.148821	0.194735	0.0323546	0.207454	0.129263	0	0.0465875	-0.0325799	-0.196807	0	-0.0348898	0.0113091	-0.147626	0	0	0.155343	-0.107918	0
0	0.0775273	-0.31627	0	0	0	0.0839719	0	0	0	0	0	0	0	0	0	0	0	0	0	-0.0444121	0	0	-0.141708	0	0	0.11513	0
0	0	0	0	0	0	0	0.0017634	0	0	0	0	0	0	0	0.00151897	0	0	0	0	0	0.00135778	0	0	0	0.00138404	0	0
0	0	0	0	0	0	0	0	0.00103585	0	0	0	0	0	0	0	-0.00165394	0	0	0	0	0	0	0	0	0	0	0
0	0.00181862	0	0	0	0	0	0.00110382	0	0	0	0	0	0	0	0	0	0	0	0	0	0	0	0	0.00265223	0	0	0
-0.00792517	-0.00313125	0	0	0	-0.00426348	0	0	-0.00149873	0	0	0	0.00395909	0	0	0	0	0	0	0	0.00395475	0.00664595	0.0038276	0	0	-0.0041919	0.00362174	0
0.233382	0.136727	0	0	-0.0506073	0.0891838	0	0.0799038	0	0.129378	0	0	0	0	-0.117577	0	0	0	0	0.165715	0	-0.0387852	0	0.203154	0	0	0	-0.0637901
0	0	0	0	-0.00132775	0	0	0	0	0	0	0	0	0	0	0	0	0	0	-0.00131875	0	0.00124055	0	-0.00118233	0	0	0	0.00115088
0	0	0	-0.0669837	0	0.0135706	0	0	0	0	0	0	0	0	0	0	0	0	0.0423424	0	0	0.00032684	-0.0676339	0	0	0	0.0180958	0
0	0	0	0.00911778	0	-0.00251652	0	-0.00414752	0.00146536	0	0	0	0	0.00535741	-0.0040663	0	0	0	0	0	0	0	0.00204331	-0.00627069	0.00491392	0	0.00859087	0
0	0	0	0	0	0	0	0	0	0	0	0	0	0	0	0	0	0	0	0	0	0	0	0	0	0	0	0
0.25557	0	0.268562	0.0876623	-0.15137	-0.0610339	0.244148	0	0	-0.171426	-0.0290045	0	-0.499136	0.185163	-0.0941381	-0.0505793	0.140138	-0.20725	-0.18049	-0.0950125	0.368605	0.0689944	0	0	0.337618	-0.107213	0.186858	0
0.00916828	0.0299958	0	-0.0258414	0	0	0	0	0	0	0	0	0	0	0	0	0	0	0	0	0	0	0	0	0	0	0.0326421	0
0	0	0	0	0	0	0	0	-0.0115511	0.205569	0	0	0	-0.24845	0.0198658	0	0	0	0	0	0	0	0	0	0	0.10005	-0.274363	0
0	-0.063678	-0.0248867	0.0365241	0	0	-0.0725417	0	0	0	0	0	0	0	0	0	0	0	0	0	0	0	0	0	-0.060316	0	0	0
0	0	0	0	0	0	0	0	0	0	0	0	0	0	0	0	0	0	0	0	0	0	0	0	0	0	0	0
0	0	0	0	0.00313073	0	0	0	-0.00284614	0	0	0	0	-0.000410114	0	-0.00281459	0	0.00753137	0	-0.00123397	0	0	-0.00427959	0	0	0	0	0
0	-0.329742	-0.139835	0	-0.166849	-0.0123886	-0.128345	-0.159333	0	0.337378	-0.109221	0	0.141384	-0.126128	0.236425	-0.165623	0	-0.200222	-0.377994	0	0	0.240629	0.13973	0.00614076	0	0	0.0159728	0.171038
0	0	0	0	0	0	-0.0124662	0	0	0	0	0	0	0	0	0	0	-0.0102897	0	0	0	0	0	0	-0.0125201	0	-0.0104128	0
0.00113516	0	0	-0.00130895	0	0	0	0	0	0	0	0	0	0	0	0	0	0	0	0	0	0	0	0	0	0	0	0
0	0	0	0	0	0	0	0	0	0	0	0	0	0	0	0	0	0	0	0	0	0	0	0	0	0	0	0
0	0	0	0	0	0	0	0	0	0	0	0	0	0	0	0	0	0	0	0	0	0	0	0	0	0	0	0
0	0	0	0	0	0	0	0	0	0	0	0	0	0	0	0	0	0	0	0	0	0	0	0	0	0	0	0
0	0	0	0	-0.00416884	-0.00210268	0	0	0	0	0	0.00131437	0	0	0	0	0	0	0	0.00161827	0	0	0	-0.00340701	0	0	0	0.00321737
0	0	-0.00894828	0	0	0	0	0	0	0	0	0	0	-0.00616204	0	0	0	0	0	0	-0.0040787	0	0	0	0	0	0	0
0	-0.0843505	0	0	-0.149905	0.0894725	0	-0.044583	0	0.133881	-0.104656	0	0	0	0	0	0.137208	0	-0.109989	0	0.238661	0	0	0	0.150055	-0.0973311	-0.128273	0.186699
0.469247	0.239747	-0.00193625	0.303598	0.155405	0.271574	0.146749	0.271654	0.229386	0	0.531131	0.196144	0	0.401245	0.409328	-0.315842	-0.186439	-0.377163	0.115988	0.358607	-0.0677144	-0.263968	0	-0.407265	0.0112375	0	-0.0716121	0.13645
-0.0151198	0	-0.209497	0	0.221047	0	-0.116597	0	0	0	-0.0669174	0.142075	0	0	0	0	0	0	0	-0.120128	0	0.0406664	-0.171361	0	-0.182794	0.148539	-0.326669	-0.136828
0.171945	-0.363024	-0.126867	0.172232	-0.303924	-0.278433	-0.126008	0.0042884	-0.12535	0.239073	0.209324	0	-0.297652	0	0.0920658	-0.169098	-0.0283629	0	0	-0.296152	-0.149206	0.161487	0.115739	0	0.274595	0.0649978	0.0703142	0
0.0176654	0	0	0	0.0170226	0	0.0188644	0	0	0	0	0	0	0	-0.0167077	0	0	0	0	-0.0578912	-0.0406056	0	0	0	0	0	0	0
0	0	0	-0.033754	-0.00416098	-0.00464658	0	0	0	0.000239031	0	0	0	0	0	0.0302068	0	0	0	0	0	-0.0365128	0	0	0	0	0.0394507	-0.0106651
0	0.0303741	0	0	0	0	0	-0.0111755	0	0	0	0	0	0	0	0	0	0	0	0	0	0	0	0.0172654	0	-0.00775025	0	0
-0.190473	-0.0620776	0.158551	0.0254631	0.183908	0.040472	-0.294993	0	0	-0.104965	-0.275233	0	0.220347	0	0	0	0	0.314985	0.18581	-0.182482	0	0	0	0	0.104758	-0.0116808	-0.484205	0
0	0	0	0.00347465	0	0	0	-0.00162858	0	0	0	0	-0.0023081	0	0	0	0	0	0	0	0	0	0	0	0	0	0	0
0	0	0	0	0	0	0	0	0	0	0	0	0	0	0	0	0	0	0	0	0	0	0	0	0	0	0	0
0	0	0.00236118	0	0	0	-0.00156474	0	0	0	0.00221684	0	0	0	0	0	0	0.000696188	0	0	0	0	0	0	0	0	0.00223657	0
0.0230793	0	0	-0.0493785	0	0	0	-0.00347228	0	0	0	-0.0309051	0.0111576	-0.0278802	0	0.0385396	0	0	0.0198773	0	0	0	0	0	0	0.014001	0	0
0	0	0	0.00188933	0	0	0	0	0	0	0	0	0	0	0	0	0	0	0	0	0.00189119	0	-0.00177949	0	0	0.0021395	0	-0.002491
0	0	0	-0.0103705	0	0	0	0	0	0	0	0	0	0	0.00915974	0	0	-0.0127325	0	0	0	-0.00948548	0	0.00398672	0	0	-0.0213472	0
0	-0.111608	-0.134153	0	-0.0649952	-0.157091	0	0	0	0	0	-0.0406792	0	0	0	0	-0.0853709	0	0.077758	-0.246822	-0.148777	0.331391	0	0.0998708	0	0	-0.0308584	-0.0681208
0	0	0	0	0	0	0	0	0	0	-0.00221603	0	0	-0.00122707	0	0	0	0	0	0	0	0	0	0	0	0	0	0
0	-0.0434888	0.655081	-0.12197	-0.0107917	0.368686	0	-0.142149	-0.340851	-0.180936	0	-0.0561041	0.105064	-0.147617	-0.630297	-0.636771	-0.258178	0.0466855	0.178676	-0.303344	0.039192	-0.162084	0	0.0858626	-0.370886	-0.39448	0.00930057	0.040512
0	0	0	0	0	0	0.00586418	-0.00997012	0	0	0.17141	-0.0381796	0	0.014657	0	-0.0394112	0	0	0	-0.0990312	-0.0238767	-0.235936	0	0	0	-0.0671712	0.136867	0
0.263003	0.279288	-0.179016	0.0725308	0.144202	-0.19303	0.441528	0.123008	-0.0480069	-0.0355518	-0.0630998	0	-0.284659	-0.0514631	0	0	0	0.166967	0.196023	0.00342523	-0.261769	0.209301	-0.331948	0.360093	0.0378436	0.207374	-0.1417	-0.21167
0.00463479	0	0	0	3.7547e-05	0	0	0	0	0	0	0.00399474	0	0	0	0	0	-0.00410433	0	0	0	0.0059331	-0.00265889	0	0	0	0	0
0	0	0	-0.00378273	0	0	0	0	0	0	0.0770917	0	0	0	0	0	0	0	0.0415009	0	0	0	0.0123962	0	0	0	0.144443	0
0	0	0	0	0	0	-0.0201141	0	0.00717351	0	0	0	0	0	0	0	0.0326031	0	0	0	0	0	0	0	0	0	-0.00916298	0.0130355
0	0.090769	0	0	0.24448	0.164912	0.083015	0	0	0.039706	0.0421512	0	0.242495	-0.108847	0	0	-0.0792037	-0.342925	0.0595188	0.161156	-0.302383	-0.242246	0	0.0480174	-0.0339195	-0.246546	0.489046	0
0	0	0	0	0	0	0	0	0	0	0	0	0	0	0	0	0	0	0	0	0	0	0	-0.00106708	0	0	0	0
0	0	0	0	0	0	0	0	0	0	-0.0093344	0	0	0	0	0	0	0	0	0	0	0.029545	0	0	-0.0252959	0	-0.0146646	0
0	0	0	0	0	0	0	0	0	0	0	0	0	0	0	0	0	0	0	0	0	0	0	0	0	0	0	0
0	0	0	0	0	0	0	0	0	0	0.00835632	0	0	0	0	0	0	0	0	0	0	-0.028055	-0.00123784	0	0	0	0	0
0	0	0	0	0	0	0	0	0	0	0	0	0	0	0	0	0	0	0	0	0	0	0	0	0	0	0	0
0	0	0	0	0	0	0	0.00205611	0	0	0	0	0	0	0	0	0	-0.00372213	0	0	0	-0.00462699	0	0	0	0	0	0
-0.0473604	0	0	0.310056	0.277319	0	-0.130333	-0.10742	-0.047722	-0.025694	0	0	0	0	0	0	0	0	0	0	-0.211971	0	0	-0.0549345	0	0	-0.172869	0
0	0.103573	0	0	0.0880556	0	0.134015	0.0064354	-0.0478151	-0.0276822	-0.0170312	0	-0.173018	0	-0.172194	0	0	0	0.0648287	0.0814424	-0.181751	0.142987	-0.154289	0.0497663	-0.0676248	0.00555698	-0.00462779	0