0.343564	0.0897471	-0.0474844	0.284	0.426004	0	0.355054	0	0.0790446	-0.380609	0.0668903	0.0337324	0.233323	0	0	0	-0.135239	-0.0698399	0.0516588	0.300947	-0.0528789	-0.0897672	-0.338611	0.166989	-0.231499	0.21393	0.0989814	0
-0.337966	0.225512	0.123766	0.0327163	0	0	-0.122723	-0.0692247	0	-0.00713396	-0.283241	0	0	0.0797307	-0.189366	-0.0478902	0.21062	0.361852	0.146769	-0.156468	0	-0.21472	0.115872	0.217193	0	0	-0.0940583	-0.223088
0.114006	0	0	0	0	0	0	0	0	0	0	0	0.0976162	0	0	0	0	-0.00790565	0	0	0.0679986	-0.171605	-0.0934361	0.143049	0	0.0777214	0	0
-0.252204	0	0	0	0	0	-0.173107	0	0	0.138476	0	-0.0327887	0.0387181	0	0.126281	0	0.106995	0.0180602	-0.232863	0	0	-0.0888096	0.176897	0	0.117947	0	0	0
-0.15034	-0.0135426	0.055375	-0.0223946	-0.0657122	0	-0.262797	0	0	0.139956	-0.0616819	0	0	0.039199	0.0645608	0	0.157722	0.0979101	0.109359	0	0	-0.262229	0	0	0.170171	-0.0232078	0	0
0	0	0.00401848	0	0.0043376	0	0	0.000936267	0	0	0	0	0	0	0	0	0	0	0.00432501	0	0	0	0	0	0	0	0	0
0	0	0	0	0	0	0	0	0	0	0	0	0	0	0	0	0	0	0	0	0	0	0	0	0.00159334	0	0	0
0	0	0	0	0	0	0	0	0	0	0.0135149	0	0	0	0	0	-0.019744	0	0	0	-0.0143812	0	0	-0.033891	0	0	0	0
0	0	0	0	0	0	0	0	0	0.0810872	0	0	-0.0406917	0	0	0	0	0	0	0	0	-0.0940842	0.0281704	0.012358	0.060765	0.0449763	0.0237087	0
0	0	0	0	0	0	0	0	0	0	0	0	0	0	0	0	0	0	0	0	-0.00148719	0.00459318	0	0	0	0	0	0
0.135021	0.0727625	-0.0401094	-0.124486	0	0	0.124772	0.0179819	0	-0.0814779	0.00979033	-0.0278739	0	0	-0.050297	0	-0.0585429	-0.193895	0	-0.0976327	0	0.216323	0	0.0338853	0.0172978	0.0230156	0.0889303	0
0	0	0.00155167	0	0	0	0	0	0	0	0	0	0	0	0	0	0	0	0.00111654	0	0	0	0	0	0	0	0	0
0	0	0	0	0	0	0	0	0	0	0	0	0	0	0	0	0	0	0	0	0	0	0	0	0	0	0	0
0	0	0	0	0	0	0	0	0	0	0	0	0	0	0	0	0	0	0	0	0	0	0	0	0	0	0	0
0	0	0	0	0	0	0	0	0	0	0	0	0	0	0	0	0	0	0	0	0	0	0	0	0	0	0	0
0	0	0	-0.164687	-0.00408602	-0.235439	0.314703	0	-0.0790524	-0.145492	0	0.336059	0	0.00319014	-0.19567	0	-0.30742	0	0	0	0	0.384838	0	0	-0.434949	0	0	0
0	0	0	0	0	0	0	0	0	0	0	0	0	0	0	0	0	0	0	0	0	0	0	0	0	0	0	0
-0.152984	-0.192148	0	0.204365	0	0	-0.195659	0	0	0	-0.0714095	-0.335309	0.0851485	0.0503671	0.0115042	0	0	0.216361	0.382997	0	0.163373	-0.370647	0	0.0777656	0.344126	0.217603	0.138093	-0.0810338
0	0	0	0	0	0	0	0	0	0	0	0	0	0	0	0	0	0	0	0	0	0	0	0	0	0	0	0
0	0	0	0	0	0	0	0	0	0	0	0	0	0	0	0	0	0	0	0	0	0	0	0	0	0	0	0
0	0	0	0	0	0	0	0	-0.0136169	0	0	0	-0.0602129	0	0	0	0	0	-0.0455505	0	0	0	0.0274322	0	0	-0.0359319	0	0
0.0841189	0	0	0	0	0	0	0	0	0	0	0.148231	0	0.019518	0	0.149737	0	0	-0.120611	0	0	0.0349567	-0.0863417	0	0	0	0	0.0103382
0	0	0	0	0	0	0	0	0	0	0	0	0	0	0	0	0	0	0	0	0	0	0	0	0	0	0	0
0	0	0	0	0	0	0	0	0	0	0	0	0	0	0	0	0	0	0	0	0	0	0	0	0	0	0	0
0	0	0	0	0	0	0	0	0	0	0	0	0	0	0	0	0	0	0	0	0	0	0	0	0	0	0	0
0	0	0	0	0	0	0	0	0	0	0	0	0	0	0	0	0	0	0	0	0	0	0	0	0	0	0	0
0	0	0	0	0	0	0	0	0	0	0	0	0	0	0	0	0	0	0	0	0	0	0	0	0	0	0	0
0	0.00331658	0	0	0	0	0	0	0	0	-0.00323583	-0.00345764	0	0	0	0.00256785	0	0	0	0	0	0	0	0	0	0	0	0
0	0	0	0	0	0	0	0	0	0	0	0	0	0	0	0	0.0147771	0.015201	0	0	0	0	0	0	0.0186367	0	0	0
0	0	0	0	0	0	0	0	0	0	0	0	0	0	0	0	0	0	0	0	0	0	0	0	0	0	0	0
0.332042	-0.285561	0.160241	0.270041	-0.24572	-0.400787	0.085525	0.27465	-0.179414	0.372734	-0.0260644	0.323462	0	-0.280147	-0.0174155	-0.0418942	0.124363	-0.0536465	0.411559	-0.435777	-0.185725	0.0150737	-0.247848	0.250502	0.104247	0.0597317	-0.336362	-0.293766
-0.0243675	0	-0.208817	0.173882	-0.173391	0	0	0	0	0.485251	-0.41102	0.140658	0	-0.190054	-0.178567	0.130772	0.0417976	0.342729	0.103023	0	0	-0.175211	-0.226029	-0.120159	0.156507	-0.0833	0.303148	0
0.136495	-0.0145305	0	-0.0540848	-0.120867	0	0.106316	0	0	0	0.100208	0	0.0853952	0	0	0	0	-0.171707	0	-0.29837	0	0.175505	-0.0867411	0	-0.103564	0	0	-0.138102
0.13272	0	0	0	0	0	0.0306851	0	0	-0.0106447	0.0730107	0.0482207	-0.116614	0	0	0	-0.0677695	0	0	0	0	0.0775284	0	0	0.100583	0	0	0
0	0	0.253453	-0.0607511	0	0	0.14717	0	0	0.0214533	-0.266233	0	0	0	-0.456101	-0.0782352	0.113696	0.223911	0.300346	0	0.0912011	0	-0.0876374	0.0704006	0.178292	0	-0.0169721	0.167317
0	0	0.00294019	0	-0.00519414	0	-0.00416373	0	0	0	0	0	0	0	0	0	0	0	0	0	0	0	0	0	0	0	0	0.00265936
-0.0305536	0	0	-0.0921819	0	0.0753053	0	0	0	0	0	-0.251359	0	-0.0254977	0.366407	0.158012	0.0783688	-0.146867	-0.191898	0.126411	0	0	0.241075	0	0	0.0626251	0	0
0	0	0	0	0	0	0	0	0	0.00155121	0	0	0	0	0	0	0	0	0	0.002464	0	0	0	0	0	0	0	0
0	0	0	0	0	0	0.00222061	0	0	0	0	0.0020968	0	0	0	0	0	0	0	0	0	0	0	0	0	0	0	0
0	0	0	0	0.0022242	0	0	0	0	-0.00443215	0	0.000410899	0	0	0	0	0	0	0	0	0	0	0	0	-0.00262735	0	0.00397801	0
0	-0.113454	0	0.0287284	0.198631	0	-0.128282	0.0773538	0	-0.30873	0	-0.102816	0	0	0.25484	0	0	-0.241549	-0.063189	0.090471	-0.166936	-0.0282628	0.0105496	0.325698	0.0263752	0	-0.280263	-0.384666
0	0	0	0	0	0	0	0	0	0	0	0	0	0	0	0	0	0	0	0	0	0	0	0	0	0	0	0
0	0	0.000991258	0	0	0	0	0	-0.00114437	0	0	0	0	0	0	0	0	0	0	0	0	0.00138904	0	0	0	0	0	0
0	0	0	0	0	0	0	0	0	0	0	0.0104304	0	0.00497469	-0.00853171	-0.00467846	0	0	0	0	0	0.013233	0	0	0	0	0	0
0.0824186	0	0	0	0	0	0	0	-0.0588744	0	0	0	0.0135548	0	-0.181536	-0.0631037	0	0	0.173068	0	0	0	-0.10763	0	0	-0.0476512	0	0
0.295055	-0.19515	0.225162	-0.580939	-0.368676	-0.166885	0.2391	0.251388	0	-0.0189623	-0.117932	0	0.205775	0.118733	0.110337	0	-0.213304	-0.20894	0.617384	-0.292516	0.188087	0.235417	0	-0.105697	0.0777818	0	0.102479	0
-0.144328	-0.0949858	-0.184951	0.133935	0.226194	0.209395	0	-0.117432	0	-0.0322022	0.199852	0.105911	-0.0543799	-0.117747	0.0305507	0	0	0	-0.365561	0.287615	0	-0.220478	0.196653	-0.096997	0	-0.20373	0.218033	0
0.201535	0	0.113149	0	-0.113801	0	-0.170537	0	0.0979415	-0.173565	0.119582	-0.115239	0.113164	0	0	0.24547	0.378303	-0.246605	0.0269758	-0.109874	0	0	0.188891	0.138039	0	-0.0713787	0.293988	0
0	-0.218275	0.0758929	0	0	0	0	0	0	0	0	0	0	-0.00783409	0	-0.203481	-0.238005	0	-0.171618	0.220734	0.149268	0	0	-0.236521	0	-0.172137	0	0
-0.096205	0	-0.10578	0.0847528	0	0	-0.0804041	0	0	0.246192	-0.149551	-0.0388902	0	0.101378	0.0167307	-0.0159507	0.126205	0.147067	-0.0674549	0	0.123927	-0.142948	0	0	0.0966969	0	0	0.0170647
0	-0.0545584	0	-0.0576495	-0.0105412	0	0	0	0	0.0324785	0	0.029922	0.0726353	0	0.0577877	0	0	0	0	0	0	0.108025	0	0	-0.0658306	0	-0.0860014	0
0	0	0.211758	-0.220476	0	0	0	0	-0.0649184	-0.248868	0.0370273	0	0.180199	0	0	0	0	0	0.243433	-0.402908	0.0506697	0.469794	0	0	-0.355602	0	-0.0919717	0
0	-0.100958	-0.120454	0	0	0	0	-0.0435617	0.00450716	0	0	0.0546914	-0.119226	0	0	0	0	0.0550131	-0.10745	0	0	0	0	-0.136743	0	-0.104803	0	0.0244927
0	0	0	0	0	0	0	0	0	-0.00141328	0	0	0	0	0	0	0	0	0	0	0	0	0	0	0	0	0	0
0	0	0	0	0	0	0	0	0	-0.0276911	0.0297684	0	0	-0.00418556	0	0	0	0	-0.0136673	0	0	-0.0247337	0.0140913	0	0	-0.00971927	0.0160001	0
0	0.00423689	0	0	0	0.00405434	0	0	0	-0.0037633	0	0	0.00758732	0.00654763	0	0	-0.000348306	0	0	0	0	0	0	0	0	0	0	0
-0.00293703	0	0.00352517	0	0	0	0	0	0	0	-0.00204377	0	0	0	0	0	0	0	0	0	0	0	0	0.00450849	0	0.00274033	0	-0.00294405
0	0	0	0	0	0	0	0	0	0	0	0	0	0	0	0	0	0	0	0	0	0	0	0	0	0	0	0
0	0	0	0	0	0	0	0	0	0	0	0	0	0	0	0	0	0	0	0	0	0	0	0	0	-0.000818662	0	0
0	0	0	0	0	0	0	0	0	0	0	0	0	0.0459448	0	-0.000781761	-0.024851	0.0298868	-0.0258274	0	0	0	-0.0495339	-0.0615676	-0.0607567	0	-0.0166737	0
0.180154	-0.374091	0.0644929	0.0230929	-0.172099	0	0	0	0	0	0.416763	0	0.213677	0	0.559156	0	0.338816	-0.103595	-0.271677	-0.0594942	0.109634	-0.0693301	0.129071	-0.0064942	0.0422997	-0.337777	-0.0494603	0
0	0.0106563	0	-0.304855	0.134051	0	0.130029	0	0	0.147342	-0.0581794	0.183484	-0.307905	-0.128001	0	0.19042	-0.379289	-0.0496988	0.131207	0.198898	-0.280386	0.119211	0.142896	-0.210437	0	0.261702	0.0258056	-0.193033
0.198143	0	-0.241937	0	0.0408204	0	0.105508	0.186985	0.112934	0	0.3018	0	0	-0.0247602	0.420353	0.131067	0.00661261	-0.241968	0	0	-0.117404	0	0	0	-0.0165815	0	0.142116	0
0	0	-0.0945916	0	0	0	0	0	0	0	0	0.0285477	0	0	0	0	0	0	0	0	-0.0731	-0.110659	0	0	0	0	0.0104817	-0.165527
0	0	0	0	0	0	0.109245	0	0	0	0	0	0	0	0.0144998	0.0885357	0	-0.170364	0	0.191648	0	-0.0984467	0.16859	0.0673864	0.0733968	0.0381981	0.259688	0
0	0	0	0	0	0	0	0	0	0	0.0171345	0	0	0	0	0	0.00450376	0	-0.0258611	0	0	0	0	0	0	-0.0125896	-0.00277112	0
0	0	0.210497	0.00233204	0	0	0	0	-0.0765939	0	0	0	0	0	0	0	-0.000868237	0	0	0.0743031	0	0	0	-0.125918	0	0	-0.0948789	0
0	0	0	0	0	0	0	0	0	0	0	0	-0.00194011	0	0	0	0	0	0	0	0	0	0	0	0	-0.00362175	0	0
-0.0314334	0	0.0371429	0	0	0	0	0	0	0	0	0	-0.00462846	0	0	0	0	0.00302895	0.00579698	0	0	0.0826	0	0	0	0	0	0.041507
0	0	0	0	0	0	-0.00450985	-0.00369288	0	0.00277965	0.0026751	0	0	0	0	0	0.00151675	0.00604365	0	-0.00651502	0	0	0	0	0	-0.00379746	-0.00651934	0
0	0	0	-0.0218254	0	0	0	0	-0.0362501	-0.0467417	0	-0.0347338	0	0	-0.0599991	0	0	0.0847881	-0.0814102	-0.304788	0	0.113655	-0.110605	0	0	0	-0.215992	0.0179369
0	0	0	0	0	0	0	0	0	0	0	0	0	0	0	0	0	0	0	0	0	0	0	0	0	0	0	0
0.0145733	0	0	-0.00110169	0	0	0	0	0	0.0161701	0.0190918	0.00758157	0	0	0	0	0	0	-0.0306797	0.00417434	0	0	0	0	0	-0.017501	0	0
0	0	0.0892066	0	0	0	-0.183172	-0.1089	-0.0867755	0.00760322	-0.236145	0	0.0566138	-0.109085	-0.162303	-0.130735	0	0.273475	0	-0.101513	0.162242	0	0	0	0.100675	0.00256543	-0.380168	0.153032
0	0	0	0	0	0	0	0.00337067	0	0	0	0	0	0	0	0	0	-0.0071093	0	0	0.000905439	0.0146972	0	0	0	0	0	0
0	-0.376582	0	0	0	-0.294408	0	-0.0348956	0	-0.650587	0.272123	-0.10773	-0.359323	-0.0481919	0	-0.116637	0.0550874	0.0656344	0	0	0	0	0.393979	-0.0110268	0.397572	0	0.370181	-0.197348
-0.145641	0.0646215	-0.194677	0	0.135082	0	0.0562712	-0.182718	-0.0433301	-0.417182	0.100477	0	0	0	0	0	-0.0938424	-0.03695	-0.0167872	0	0.147581	-0.390831	0	-0.301978	0	-0.143853	0.268814	-0.287224
-0.28588	-0.340238	0.00884961	0.276556	0.10419	-0.3907	0	0	0	-0.321965	-0.016738	0.0976652	0.28921	-0.280678	0.141071	0.0999178	-0.139879	0.00286016	0.135115	-0.337631	0	0.626943	0.15422	0.226442	-0.160883	0.0963328	-0.195132	0.109321
0.0748334	0	0.0158007	-0.15799	-0.355672	0.121203	0	-0.193085	0	0.0163786	0.108145	0.0368738	-0.344273	0	-0.244306	-0.373985	0	0	-0.195737	0	0	0.212692	-0.281427	-0.218013	-0.169276	-0.397556	0.0825782	0.0571688
-0.0142774	0.0569062	0	0	0	0	0.0344118	0	0	0	0	0	0	0	0	0	0	-0.0430255	0	0.0323277	-0.0219361	0	0.000470855	0	0	0.00537971	0.0380756	0
0	-0.0684121	-0.0692166	-0.0216216	0.0291946	-0.0686404	0	0.0249411	0	0	0	0	0	0	0	0	0	0	0	0	0	0.122141	0	0	0	0.0681544	0	0.0566732
-0.311775	-0.202978	0.0978142	0.324423	0	-0.207538	-0.106133	0	0	-0.121653	-0.0718421	0	0	0	-0.0644033	0	0	0.114752	-0.0903844	0	0.114043	0.27158	0.0880713	0	-0.165208	0	-0.0794807	0
-0.258246	0	0.257985	0	0	-0.0969966	0	0	0	0	-0.148501	0	0	0	0	0	-0.0212449	0.135644	0	0	0	0.0307447	0	0.136785	0	0.186475	-0.125552	0
0	0	0	0	0	0	0	0	0	0.0102737	0	0.0547897	0	0	-0.0949165	0	0	0	0	0	0.0577071	0	0	0	0	-0.0421542	0.0509436	0
-0.000486627	0.00170006	0	0.00123403	-9.25683e-05	0	0	0	0	0.00296289	0	0	0	0	0.00371747	0	0	0	-0.00089099	0	-0.00280736	-0.000160275	0	0	0	0	0	0
0	0	0	0	0	-0.000989193	0	0	0	0	0	0	0	0	0.00364124	0	0	0	0	0	0	0	0	0	0	0	0	0
0	0	0	0	0	0	0	0	0	0	0	0	0.00233045	0	0	0	-0.000777912	0	0	0	0	0	0	0	0	0	0	-0.000901151
-0.00859112	-0.0218898	0	0	0	0	0	0.0039827	0	-0.0178211	0	0	0.018178	0.00183813	0	0	-0.00240275	0	0.000362176	0	0	0.0287492	0	0	0	0	0	0
0.0376785	0	0	0	0.0245702	0	0.0134759	0	-0.00809853	0	0	0	0	0.00578348	0	0	0	-0.0169137	0	0	0	0	0	0	0	0	0	0
0	0	0	0	0.0253715	0	-0.0150186	0	0	-0.0188782	0	0.0152298	0	0	0	0	-0.0163151	0	0	0	0	0.0327186	-0.0174844	0	-0.0220391	0	-0.0252513	0
0	0	0.394729	-0.236346	0.112858	0	0	0	0	-0.166858	0	-0.243375	0.218176	0	-0.366347	0.0707114	-0.315336	0.106958	0.447472	0.109069	0	0.0497611	-0.0950152	0.41321	-0.220719	0	-0.00947321	0
-0.247688	0	0.0309041	0.0823703	-0.152968	0	-0.215538	0	0	0.143524	0	0.113941	0.08436	0	0	0	0.202289	0.132367	-0.237289	-0.275209	0.127713	0.0247321	0	-0.219644	0	0	-0.157494	0
0.216978	0	-0.26698	0	-0.068192	0	0	0	-0.0692743	0.0731755	0	0	-0.260673	0	0	-0.147623	0.0809271	-0.0411395	-0.196956	-0.107169	0	0	0	-0.123113	0.114929	-0.137887	-0.0326122	0
0	0	0	0	0	0	0	0	0	0	0	0	0	0	0	-0.00901063	0	0	0	0	0	0.0213091	0	0	-0.0130942	0	-0.00438212	0
-0.103975	-0.0214459	-0.141905	0.361478	-0.00136304	0	0	0	0	0	-0.19389	0.053839	0.0928731	0	-0.0256306	-0.259241	0	-0.00642144	-0.2405	0.0903343	0.266463	-0.0946075	0	0	0.376801	0.10073	0.125382	0.146979
0	0	-0.306343	-0.0875051	0	0	0	0	0	0	0	0.139987	0	0	-0.1012	0	0	0.0384038	0	0	0	0	-0.252751	-0.141765	0	0	0	0
0	0	0	0	0	0	0	0	0.00146621	0	0	0	0	0	0	0	0	0	0.00148509	0	0	0	0	0	0	0.00135824	0	0
0.00110678	0	0	0	0	0	0	0	0	0	0.00101403	0	0	0	0	0	0	0	0	0	0	0	0	0	0	0	0	0
0	0	0	0	0	0	0	0	0	0	0	0.00193998	0	0	0	-0.00185303	0	0	0	0	0	0	0	0	0	0	0	0.000958096
-0.00594676	0	-0.00429706	0.00632854	0	0	0	0	0	0.00293522	0	0	0.004581	0	0	0	0	0	0	0	0	0	0	-0.00430329	0	0	0	0
0.18707	0	0	0.00148763	0	0	0.132135	0	0	0.0194621	0	0	0	0	-0.117734	0	0	0	0	0.177035	0.111014	-0.130651	-0.0738641	0.150548	0.191319	0.0511374	0.276984	0
0	0	0	0	0	0	0	0	0	0	0	0	0	0	0	0	0	0	0	0	0	0	0	0	0	0	0	0
0.0150614	0	0	-0.0583468	0	0	0.0441457	0	0	0.00973224	0	0	0	0	-0.0455754	0.0205101	-0.0329842	0	0.0305522	0.00500906	0	0	0	0	0	0.0129672	0.0490303	0.0100006
0	0	0.00334529	0	0.0018835	-0.00326746	-0.00394797	0	0	0.00791853	0	0.00473069	0	0	0	0	0	0	0	0.00398206	0	0	0	-0.0123955	0	-0.00167267	0	0
0	0	0	0	0	0	0	0	0	0	0	0	0	0	0	0	0	0	0	0	0	0	0	0	0	0	0	0
0.187215	0.241928	0.375165	-0.227504	0.0853176	0	0.423773	0	0.102928	0.249866	0	0	0	0	0	0.329746	0	-0.0626273	0.364831	0.0513329	0	-0.0760688	0	-0.19484	-0.237289	0	0.0982139	0
0	0.0276477	0	0	0.00801633	0	0	0	0	0	0	0	0	0.0101469	0	0	0	0	0.0273718	0	0	0	0	0	0.031978	0	0	0
-0.125602	-0.220512	0	0	-0.0936899	0	-0.121688	0	0	0.1748	-0.0201158	0	0	-0.252265	-0.000985159	0	0	0	0	0	0	0	0	-0.00709747	0.208168	0	-0.15542	0
-0.0179778	0	0	0	0	0	-0.0621479	0	0	0	0	0	0	0	0	-0.0388025	-0.0316381	0	-0.0590453	0	0	0	0	0	-0.0644851	0	-0.0467275	0
0	0	0	0	0	0	0	0	0	0	0	0	0	0	0	0	0	0	0	0	0	0	0	0	0	0	0	0
0	0	0	0	0	0	0	0	-0.0022742	0	0	0	0	0	0	-0.0016627	-0.00219441	0.00660187	0	0	-0.00368694	0	0	0	0	0	-0.00305885	-0.00353719
-0.151714	-0.0175106	0.198387	-0.108539	-0.223419	0	-0.124335	0	0	0.459598	0	0.0109502	0.151024	-0.356801	0	0	0	0.326837	0	0.000526925	0	0	0.23479	0	0	0	-0.165517	0.194405
0	-0.0124199	0	0	0	0	0	0	0	0	0	0	0	0	0	0	0	0	0	0	0	0.0179002	0	0	0	0	0	0.00782218
0	0	0	0	0	0	0	0	0	0	0	0	0	0	0	0	0	0	0	0	0	0	0	0	0	0	0	0
0	0	0	0	0	0	0	0	0	0	0	0	0	0	0	0	0	0	0	0	0	0	0	0	0	0	0	0
0	0	0	0	0	0	0	0	0	0	0	0	0	0	0	0	0	0	0	0	0	0	0	0	0	0	0	0
0	0	0	0	0	0	0	0	0	0	0	0	0	0	0	0	0	0	0	0	0	0	0	0	0	0	0	0
0	0.0024334	0.00354952	0	0	0	0	0	0	0	0	0	0	0	0	0	0	-0.00417421	0	0	0	0	0	0	0	0	0	0.00128217
0	0	0	0.00774264	0	0	0	0	0	0	0	0	0	0	0	0	0	0.00616912	0	0	0	0	0	0	0	0	-0.00419836	0
0	0	0.222022	-0.1376	-0.0922141	0	0	0	0	0.21297	-0.0414239	0	0	-0.213302	0.0202009	0	0.0726326	0.232228	0.0216652	0.00497978	0	0.0708131	0	0.0409845	0	0	-0.305098	0.15889
-0.195083	0.282145	-0.555959	0	0.319543	0.0995304	0.120576	-0.122326	-0.0778834	-0.404667	-0.455198	0.109772	-0.107419	0.154828	-0.179012	-0.247478	0.318262	0.0695745	0.0364754	-0.169399	0	0.287666	-0.226763	0.340516	0.252253	0.228827	-0.498612	-0.159858
0.12647	0.217026	-0.155973	0.121027	0.233665	0.0639388	0	0	0	-0.0915217	0.0761327	0.196929	0	0	0	0	0	0	0	0	-0.289939	0	-0.154173	0	-0.352362	0.160627	-0.315205	0
-0.147797	-0.0964458	0	-0.0359374	-0.283688	-0.146146	0.184194	0.0483686	-0.0163487	-0.0837311	0.159777	-0.0658501	0.00474269	0	0	0.0367668	-0.341888	0	0.169584	-0.18171	-0.0975794	0.270531	0.0343327	0.244966	-0.0470963	0.12908	0.552914	-0.165275
0	0	0	0	0	0	0	0	0	-0.0193184	0	0	0	0	0	0	0	0	0	0	0	0.0623404	0	-0.0392737	0	0	0	0
0	0	-0.00766029	0	-0.00431983	0	0	0	0	0	0	-0.0256523	-0.0313128	-0.0220482	0	0.0282415	0	0	-0.00126567	0	0	-0.0432145	0.00594389	0	0	0	0	0
0	-0.0193975	0	0	0	0	0	0	0	0	0	0	0	0	0.030751	0	0	0	0	0	0	0	0	0	0.0138258	0	0	-0.00822422
0.102362	0.27569	0	-0.125779	0.0380412	0.160812	0.127039	0	0.17323	0.308713	-0.184205	0.155019	0.0623031	0	-0.172483	0.298159	-0.11119	0	0	0.361199	0.116082	-0.377926	-0.0487558	-0.205526	-0.287145	0	0.105515	0.15052
0	0	-0.00292351	0	0	0	0	0	0	0	0	0.00207702	0	0	0	0	0	0	0	0	0	0	0	0	0	-0.00134924	0	0
0	0	0	0	0	0	0	0	0	0	0	0	0	0	0	0	0	0	0	0	0	0	0	0	0	0	0	0
0	0	0	0	0	0	0	0	0	0.00291587	0	0	0	0	0	0	0	0	0	0	0	0	0	0	0	0	0	0
0.000925466	0	0.00168595	-0.0307284	0	0.00414691	-0.0337659	0	0.00921473	0	0	0	0	0	0	0.0369051	0	0	0	0	0	-0.0510803	0	0	0	0	0	0
0	0.00166304	-0.00238702	0	0.00171598	0	0	0	0	0	0	0	0	0	0	0	0	0	0	0	0	-0.000970962	-0.00093022	0	0	0	0	0
0.00378474	0	-0.00652131	0	0.0146509	0	0	0	0	0	0	0	0	0.0132355	0	0	0	0	0	0	0	0	-0.0139148	0.0111041	0	0	-0.00655464	0
0	0	0	0	-0.15985	-0.124804	0.133445	0	0	0	0.194168	0	-0.114089	0	0	-0.0214668	-0.0401801	-0.133347	0.231157	-0.132552	0	0.170162	0	0	0	0	0.227595	-0.182182
0	0	0	0	0	0	0	0	0	0	0	0	0	0	0	0	0	0	0	0	0	0	0	0	0	0	0	-0.00174679
-0.156801	0.0828905	-0.446132	-0.271889	0	-0.0924818	0.115127	0	0	0.089729	0.264225	0	0.398012	0.03201	0.325429	0.222843	-0.220754	-0.174527	0.176223	-0.0233129	-0.28396	-0.24974	0.113166	-0.370289	0.463861	0.0519106	0.325678	-0.383319
0	0	-0.0413768	0.0584513	0	0.0403328	-0.122376	0	0	0	0	0	0.231394	-0.0433795	0	0	0	0	0	0	0	-0.332846	-0.0234775	0	0	0	0	0
-0.407309	0	0.0783019	-0.209528	0	0	0	0	0.019684	0.50614	-0.0576557	0	0	-0.294143	0.240489	0	-0.341917	0.347615	0	0.273209	-0.147463	0.241943	0.110834	-0.034119	-0.239651	0	-0.160227	-0.0646006
0	0	0	0	0.00214836	0	0	0	0	0	-0.00421028	0	0	0	0	-0.00115887	0	0	0	0	0	0	0	0	0	0.00225926	-0.00608528	0
0	0	0	0	0	0	-0.0375593	0	0	0	0	0	0	0	0	0	0.0682452	0.0703454	0	0	0	0	-0.0173963	0.0459107	0.0286015	0.0450173	-0.125615	0
0.0158381	0	0	-0.0098888	0	0.00629361	0	0	0.00857642	0	0.0215943	-0.0165707	0.0285402	0	0	0	0	0	0	0	0	0	0	0	0	0	-0.00160113	0
0	0	0.214581	-0.342034	0.147557	0	0.0132266	-0.107058	0	-0.177467	0.478076	0	0.157023	-0.0748966	0.0898938	0.0604312	-0.267541	-0.275011	0.32143	0	-0.335727	-0.170296	0.13201	-0.348322	-0.146582	-0.145665	0.10403	-0.387602
0	0	0	0	0	0	0	0	0	0	0	0	0	0	0	0	0	0	0	0	0	0	0	0	0	0	0	0
0	0	0	0	-0.00282572	0	0	0	0	0	0	0.00391117	0	0	0	0	0	0	0	0	-0.0139209	0.0283852	0	0	-0.0241667	0.00369805	-0.0121164	0
0	0	0	0	0	0	0	0	0	0	0	0	0	0	0	0	0	0	0	0	0	0	0	0	0	0	0	0
0	0	0	0	0	0	0	0	0	0	0	0	0	0	0	0	0	0	0	0	0	-0.0270652	0	0	0	0	0	0
0	0	0	0	0	0	0	0	0	0	0	0	0	0	0	0	0	0	0	0	0	0	0	0	0	0	0	0
0	0	0	0	0	0	0	0	0	0	0	-0.00246576	0.00458521	0	0	0	0	-0.00288957	0	0	0	0	0	0	0	0	0	0.00230481
0	0.097592	0	0	0	0	-0.138728	0	0.0362899	-0.197188	0.0375494	0.0402082	0	0	0.0933179	0.020989	-0.0151112	-0.214971	0	-0.22282	0	0	0	0	-0.340946	0	0.0324808	0.0684042
-0.0623336	0.0105739	0	-0.1144	0	0	0	0.0125572	0	0.201221	0	0.0270918	0	-0.123761	0.0608874	0.0872487	0	0.196533	0.0775886	0.0249568	-0.130323	0.101883	-0.0328412	-0.0726425	0	0	-0.211191	0.0658117