9	4.74076
6	4.82178
3	5.32249
6	4.47809
6	4.54654
0	4.71109
0	4.48465
0	6.78367
6	6.04042
9	3.05091
6	5.43499
2	6.99381
2	4.01048
4	3.71724
0	2.27291
3	3.29173
1	2.52334
4	2.24859
9	4.31842
6	6.55447
2	7.65838
2	11.4339
4	4.46042
9	4.08914
6	3.57452
2	3.51063
0	4.16214
3	2.83247
8	2.08853
3	2.45144
7	6.40454
0	4.48903
4	1.58015
0	4.15077
7	4.48285
9	3.4522
5	5.14096
0	5.3509
0	4.16688
7	6.17471
0	4.52185
8	7.03309
1	3.02814
0	6.87004
7	7.31284
1	3.78942
0	6.60773
4	3.63375
2	4.99105
0	7.70314
8	4.34483
5	6.5743
1	3.63837
2	2.34941
0	5.1158
6	2.74615
5	3.85055
9	2.20223
2	7.45023
0	9.99885
9	3.58965
0	6.81237
4	1.83451
2	0.976418
0	5.66241
9	3.84986
1	2.78661
2	3.73041
2	6.50315
1	3.45003
8	4.26349
3	5.14158
7	5.64803
2	8.64134
0	3.1585
9	3.85181
0	2.59958
1	3.75095
5	2.1132
1	2.40517
2	3.9752
0	3.76573
7	4.33682
2	2.40164
0	1.97919
6	3.83465
7	6.37149
8	2.34817
2	6.20286
0	10.5035
9	3.57762
0	2.87253
4	1.40247
8	3.05737
2	8.30926
0	7.00348
7	5.30765
0	5.95648
0	5.10602
9	4.74311
0	5.31892
6	2.48494
7	5.56141
3	3.29269
0	6.27239
7	2.51314
2	7.55694
8	2.16164
9	4.29858
4	2.48689
3	2.88228
3	3.93357
9	3.06688
9	2.83039
7	3.42557
0	4.58895
5	4.70875
9	2.84607
9	4.08116
6	4.14883
8	4.49854
5	2.72494
7	0.95767
0	7.7545
6	3.84303
8	3.4321
5	2.61099
6	4.24457
1	3.24604
4	3.04376
8	1.71623
4	1.2265
0	2.2995
1	3.75346
2	3.0877
9	3.53507
0	9.30516
0	7.0235
7	5.39613
7	5.53499
9	2.13272
6	5.91736
6	6.6815
3	3.04715
3	5.35666
4	1.15853
7	5.43905
5	3.02355
0	6.70867
9	3.03311
6	4.644
2	5.36557
2	5.13797
4	2.60121
8	2.66519
9	2.03727
1	2.93297
0	2.08941
1	3.51695
0	3.4338
2	3.80729
9	6.62155
0	3.85451
6	2.31292
8	0.85839
2	3.34991
9	4.03722
0	4.02987
3	3.38564
3	3.4042
4	3.11402
0	3.73549
9	3.08969
0	2.97746
4	4.78375
0	6.29454
4	0.952485
6	2.95081
0	2.50959
4	4.42638
1	2.97844
0	4.12488
8	1.69574
0	2.87522
4	3.68534
0	3.33727
6	4.10849
4	2.54418
1	3.15905
4	2.54849
1	3.24846
0	1.95447
1	2.85539
0	4.34901
9	0.537144
5	2.31553
7	4.7055
2	5.58816
3	1.03505
6	2.47032
3	2.94197
1	0.850794
8	4.29442
0	5.5721
5	3.12578
0	5.82879
1	3.48205
8	5.5934
0	6.26842
0	5.95264
1	3.69105
3	3.13957
8	2.40688
0	3.58277
2	2.96101
0	1.62783
6	2.06547
6	0.877245
0	5.59377
9	3.08463
0	4.09389
9	2.29098
8	4.58039
0	5.18667
3	4.80462
2	4.86506
1	3.65229
8	1.88976
0	6.39597
3	3.74307
2	3.79834
2	5.48066
4	3.53102
6	2.11237
2	5.00919
9	1.95601
6	2.52746
4	4.97011
1	2.88052
5	4.74701
2	3.71214
5	4.96749
5	6.612
1	3.77067
6	4.6465
4	3.91115
5	3.78948
5	2.96533
1	3.82832
0	4.21194
1	3.21372
8	3.7401
4	4.06354
9	1.79689
8	4.06975
4	3.84991
6	6.16886
0	3.32028
4	3.09895
8	4.17933
4	3.22638
7	3.9603
7	4.51422
0	5.88707
0	2.75666
1	1.59419
0	2.12822
9	2.47866
2	4.3652
8	3.05275
4	2.69578
6	4.50198
0	4.63981
1	3.277
2	6.91658
3	4.79509
6	3.88014
6	6.93276
6	6.24038
3	0.844169
3	3.66883
2	1.92262
0	9.1148
6	5.8495
6	3.28361
8	2.81034
2	2.46805
0	5.49597
1	3.72937
7	4.33452
9	3.97654
9	2.91738
7	5.18439
3	4.43288
7	4.91396
9	4.0477
9	3.22247
6	5.83213
6	6.05707
7	5.71128
9	2.49555
9	3.83558
7	2.77908
9	3.11504
9	3.50745
7	5.0293
5	3.34307
6	4.48271
8	3.60802
2	8.86951
7	6.41944
5	3.3968
6	3.75424
8	2.74361
1	3.37638
0	4.98565
1	3.16523
1	2.87176
1	2.33799
6	3.60459
7	3.87114
6	2.76797
8	2.37373
5	3.53219
0	4.86374
9	1.38071
4	2.98096
8	2.37673
1	2.73235
8	2.42746
6	4.99328
8	2.62776
5	2.90936
0	6.53692
8	5.63801
9	2.65512
0	4.79953
0	6.08035
6	4.77273
4	4.31384
4	4.12941
1	3.15189
3	4.26265
1	2.95928
6	5.98185
4	3.48899
1	3.67266
4	4.38433
1	3.55192
8	1.19211
0	2.60862
7	0.484565
2	4.33803
4	3.05148
1	1.14263
0	3.63348
0	4.02031
0	4.96365
1	2.6509
1	3.68099
0	5.1752
0	4.67466
1	3.88023
8	1.56647
1	3.23266
0	5.67504
0	5.42872
0	5.25748
7	3.20263
1	2.93315
0	6.10878
0	6.46114
1	3.36819
7	4.68242
1	2.52003
0	5.24019
0	6.90192
2	4.62479
0	4.74882
1	3.66897
3	3.22432
9	3.4391
7	1.57269
1	3.67916
0	6.33933
1	3.61587
0	3.85092
8	3.39144
1	3.37557
0	4.73336
1	3.86806
0	6.09057
1	3.68185
1	2.38441
0	6.10918
0	5.36686
0	7.43448
1	3.45611
1	3.04757
0	6.28266
1	3.39326
6	5.42475
3	5.49511
1	3.23019
0	5.28312
0	4.97582
2	3.76129
2	5.04002
1	3.49199
0	6.24231
0	7.47157
2	4.35194
1	3.57939
1	3.40212
0	5.26453
0	3.83286
5	2.72459
4	4.0784
1	3.21578
0	2.31319
0	6.71007
1	3.01965
0	9.26554
1	1.71401
0	8.21676
0	8.67508
0	9.38686
3	2.95981
1	3.60379
0	7.55462
0	5.48862
3	4.94647
6	4.29013
8	1.40479
9	2.55435
1	2.40309
6	1.03231
5	1.6261
8	1.60134
9	2.83046
1	3.50505
0	4.56073
8	4.5231
8	1.83525
0	4.21881
3	3.00297
0	4.24526
2	2.78326
5	1.02729
7	3.65527
1	2.42924
1	2.24151
7	2.91867
0	5.68012
2	7.96087
8	3.66987
8	5.71331
7	5.66058
0	9.15236
4	6.12972
9	3.5474
5	4.58861
0	3.00536
2	5.96047
8	3.12217
8	5.05893
9	2.26283
9	1.55085
6	2.93193
7	2.44098
2	5.07993
0	8.38645
9	5.73161
7	5.13189
0	1.86092
0	3.07882
8	3.41151
9	3.11844
7	2.98789
5	3.03863
7	4.38971
5	4.01671
7	1.55826
7	3.42915
5	2.04359
0	4.54333
1	2.92378
9	2.91772
6	3.82089
5	3.35047
2	3.48932
4	4.99504
0	4.30404
0	7.30608
4	1.14628
4	3.84798
4	2.16115
8	1.82534
8	2.89313
8	2.52279
5	0.900177
4	1.89243
0	3.68286
1	3.00894
6	2.51291
0	4.19738
4	2.61106
2	3.97526
7	3.06595
3	1.91389
8	1.83637
4	3.42326
0	2.45483
1	2.06927
1	2.06006
7	0.83492
5	1.89838
1	2.76168
5	1.88323
0	1.8595
3	3.55722
3	2.7475
0	4.12776
9	4.01021
1	3.70977
6	4.49594
8	1.75056
2	1.52495
0	1.16794
0	5.24327
6	3.18475
9	4.05375
8	4.64852
4	4.85173
1	2.96443
1	3.5195
9	4.89046
4	4.19684
0	4.78788
8	2.46369
7	6.38681
9	3.24161
4	2.63033
6	4.07005
1	3.45731
8	3.45474
9	2.9294
4	3.74426
2	3.6896
5	1.72336
0	3.35668
0	2.80592
0	4.32832
0	3.62103
0	4.17951
7	4.65548
5	2.50607
2	7.6528
3	5.28137
1	3.62948
7	5.11719
3	2.33076
0	5.13243
0	4.20291
6	4.61077
4	5.09633
3	2.71534
0	4.84989
6	5.24903
8	3.30596
4	3.40733
8	3.98806
1	2.96572
7	4.31877
0	2.89286
4	3.51812
3	2.08754
6	2.85539
1	2.67614
3	1.52456
4	2.81555
3	3.20771
8	6.16994
1	3.19156
2	4.36852
1	1.79031
4	2.48131
2	3.02281
6	2.83152
6	1.97547
9	3.61247
6	4.68053
8	3.83305
1	3.01449
3	4.00001
9	3.69813
0	4.37964
0	3.96514
2	4.15232
5	2.17505
3	5.22384
5	3.69857
0	6.71581
4	4.68008
5	5.41335
1	3.6458
4	5.10908
2	4.64502
1	3.83729
9	3.45428
3	4.10096
5	6.26833
0	9.03628
5	4.01001
6	3.8909
0	5.27165
4	3.8944
8	4.89303
8	4.16184
1	3.24484
9	4.58879
7	4.76632
1	3.00803
2	2.58421
2	5.80012
3	4.38355
2	7.12863
3	4.83323
1	2.46396
2	3.26257
3	5.04046
2	5.18925
6	3.43719
0	4.59715
2	8.00795
3	5.26049
2	7.14342
6	4.75616
0	4.64096
2	5.36945
5	2.35971
6	3.57767
6	4.64685
1	3.6929
4	3.11743
0	5.40151
4	3.214
3	1.74742
9	3.85009
0	5.91432
5	3.67808
0	5.27843
1	3.70305
2	0.941221
0	0.941739
0	1.09706
3	1.64744
7	1.08387
2	6.11688
0	7.19184
0	5.22661
0	6.35614
5	3.38494
2	2.75113
1	3.54956
0	6.40901
2	3.07823
2	3.70561
0	5.34528
0	5.21971
0	2.72186
5	5.79572
2	8.15952
0	5.32999
0	5.92031
1	2.34685
3	7.55536
2	3.81193
0	6.13677
4	4.81757
6	5.52259
0	3.82568
2	6.10116
0	4.80491
0	5.58304
1	3.70065
6	4.84746
7	4.32908
9	2.69016
9	3.86111
6	4.82506
6	4.34856
2	3.99769
0	3.45554
0	2.86338
0	3.19855
1	3.59277
4	3.72613
4	2.91991
1	3.69031
5	4.4517
1	3.74462
4	1.4744
6	2.81153
2	10.1131
6	3.84444
8	2.14131
4	2.87211
6	5.45086
9	1.77054
7	5.24768
0	2.21857
4	4.26057
6	5.09229
2	4.41539
8	2.29917
3	1.83424
8	3.5708
3	2.40069
0	5.45824
3	2.925
4	2.98434
6	5.89557
4	3.6347
1	3.67587
0	5.09962
8	4.79341
1	1.31554
4	5.02444
6	4.24436
3	3.90064
8	4.94418
3	3.64165
4	4.23866
5	2.49217
2	4.03
9	3.8815
1	3.10122
0	6.97162
0	8.58952
1	3.5857
0	4.59164
1	2.75964
4	2.40575
0	3.2389
1	3.47679
4	2.69923
4	3.77836
6	2.78571
0	4.15151
5	3.477
2	5.72256
4	4.46722
6	3.09906
2	9.90839
7	4.88369
8	2.90358
4	3.73868
6	4.97057
1	3.65948
4	5.69514
0	4.25015
4	4.9377
7	2.74312
8	4.43528
1	3.44565
1	3.22181
1	2.18274
1	3.64082
2	2.4811
9	3.95848
4	2.30084
6	7.01316
9	4.07488
2	6.81465
3	4.87079
4	2.41284
6	4.36379
0	1.90174
6	3.25304
8	3.55622
4	3.6987
7	4.16354
4	4.74298
0	4.96421
1	2.56111
4	1.89414
6	3.82921
3	4.94389
8	1.69891
3	3.84029
5	4.24158
3	1.59147
9	3.16666
3	1.02309
3	1.40265
3	4.24408
3	5.74024
5	2.46067
4	2.65885
2	3.6728
3	2.8584
3	2.4097
9	2.46669
5	1.74397
2	2.32819
3	0.725397
3	1.52998
5	6.22738
4	3.13118
8	2.56445
4	1.95393
4	3.47599
9	3.16773
4	3.18634
2	2.88363
2	7.70824
0	9.0379
4	1.62617
0	7.00404
6	4.91968
4	4.79663
6	5.02627
3	1.54855
8	6.52558
3	4.66361
4	3.38905
3	4.38647
2	5.32376
3	1.92563
2	3.8937
2	3.59999
7	5.72834
6	3.72896
0	9.40829
4	2.23964
0	4.26778
8	4.91513
9	2.72376
0	5.09884
2	3.84674
9	2.99483
6	3.14827
6	4.46066
0	5.78832
4	2.38294
4	4.90335
6	7.04725
2	4.13753
9	2.40427
1	3.22283
9	5.08706
6	3.46125
2	3.76194
3	2.72855
0	3.65348
9	1.82654
2	3.8239
1	3.854
0	9.59041
5	1.55521
8	1.71806
0	2.44963
0	3.69815
2	3.58861
1	2.24259
4	2.56122
8	2.26642
0	6.04682
9	4.66177
8	4.01563
3	3.55674
3	3.31384
0	4.00668
6	4.14954
9	1.73649
7	5.08409
9	3.06696
4	3.7958
9	3.38069
5	1.43372
3	3.62898
8	3.7279
1	3.67583
3	5.45187
8	6.14165
9	1.5885
0	2.82528
2	2.86678
1	2.59384
0	5.38548
2	4.14886
8	2.40174
2	2.90403
0	5.7169
6	0.880892
1	3.48764
6	4.65135
8	4.01794
8	4.7321
1	2.62219
8	3.17353
7	5.42241
1	3.68563
8	4.13794
4	4.79209
5	3.63199
2	2.07192
7	4.52783
3	2.34953
6	3.82532
4	2.78635
4	4.19735
7	5.4785
7	3.35323
0	6.65304
9	2.51394
8	4.09639
5	2.98037
0	5.18811
2	1.9019
9	3.2732
6	3.08555
8	3.40397
2	6.84481
1	2.35155
9	3.14119
6	2.30077
2	4.65112
2	7.62715
4	2.22195
9	3.07342
6	6.20701
7	4.01225
9	2.29888
2	3.912
9	3.58477
6	4.2294
8	4.26047
9	2.90839
6	5.71469
8	1.90725
1	3.12231
3	5.74395
9	2.903
6	4.3768
8	2.38801
1	3.12669
9	2.38855
0	5.30249
0	5.47899
4	2.43048
5	2.56241
7	4.83789
7	5.36142
0	8.24459
9	4.92543
8	2.34826
3	3.91426
0	5.90649
5	2.09415
5	2.73234
8	4.17171
2	3.71552
0	4.54115
5	1.93904
8	3.19451
3	5.07026
8	4.86893
1	3.02763
1	3.59417
6	3.96695
8	4.14287
8	4.40463
4	3.53306
8	2.65246
6	2.82945
8	0.994603
1	3.31523
2	2.65195
8	3.73335
6	7.63996
8	7.11593
0	6.41852
0	8.68561
9	5.07941
6	3.33884
8	3.13534
1	2.59966
4	2.87854
2	2.16931
2	4.82398
3	3.1361
0	4.26762
4	5.43456
9	4.53108
9	2.65302
3	5.34284
3	4.65862
6	4.83089
9	2.12825
8	3.77724
0	3.1945
4	4.10259
6	4.17642
8	1.51331
2	2.51751
0	1.02229
0	3.56422
0	3.26379
5	5.49136
5	6.46782
1	3.59041
0	7.21074
1	2.71556
8	2.17598
9	1.65605
1	1.12661
0	1.3395
1	1.31548
0	1.96052
3	2.29046
7	2.67065
5	2.31101
5	2.33632
9	1.78435
9	1.12332
9	2.1004
8	1.72946
0	4.71801
3	4.75731
7	3.41048
5	4.26571
5	2.25209
0	2.53576
3	2.44539
4	1.87702
5	3.39884
5	1.04273
0	4.57261
5	5.06389
4	4.5161
0	5.10754
1	3.28334
0	4.51362
9	1.37449
4	3.05128
5	4.10431
3	4.22497
0	2.64822
0	1.61172
4	2.77368
4	3.23715
6	3.3499
0	1.95418
5	0.893916
7	0.293711
5	1.709
3	2.8622
0	2.85245
5	5.29498
4	2.65596
0	3.97594
2	2.75124
0	4.70074
5	3.7375
0	5.486
9	2.349
1	3.3885
3	3.4468
7	5.36693
3	3.31602
9	4.97779
7	4.25659
3	2.70975
7	5.16367
5	2.35075
1	3.78543
1	3.44414
3	6.4185
7	4.32004
8	5.82844
1	3.45468
6	2.45111
0	5.6381
0	7.22927
4	3.0612
0	4.52451
3	2.62576
7	3.65609
1	1.58107
3	2.11226
8	1.8746
5	2.41141
7	5.13905
9	1.69331
0	3.81006
2	6.07805
2	4.03749
4	4.74974
0	5.05548
0	7.08082
0	6.83114
0	8.98986
3	1.35394
7	6.37706
8	2.61376
7	5.24579
3	4.70366
7	4.06566
2	3.17862
0	5.02035
2	2.9958
7	3.73402
2	1.67071
2	3.31847
0	3.86124
4	3.37312
8	0.230845
0	5.9353
1	3.32557
4	6.42863
3	3.28607
9	3.23584
0	3.40309
0	3.09561
2	6.04399
3	0.598815
0	5.09256
8	2.36767
0	4.37088
8	2.34254
7	3.7423
5	3.61976
4	3.88778
5	3.27436
9	7.47738
7	6.26882
0	3.17209
3	3.93375
8	3.88733
9	2.86568
7	3.84225
3	2.53015
0	1.24443
2	6.07546
9	3.01227
4	1.78828
1	2.40961
1	3.31261
1	2.34964
9	2.55266
4	4.20968
1	2.51497
0	3.84129
7	5.75663
6	2.56474
9	1.76815
1	2.92858
6	4.23632
0	3.73913
6	5.11965
8	6.34676
0	7.32944
0	6.25945
9	4.37542
6	2.31493
8	3.44023
0	4.05401
0	3.28505
9	3.31239
6	2.7835
8	3.03124
1	2.5099
2	10.9219
7	3.06823
4	2.20736
1	3.73781
1	3.72787
3	5.04976
0	4.11028
5	7.52349
7	5.56821
1	3.52606
0	6.26329
5	4.93244
6	0.741468
7	3.4092
1	3.45859
0	6.72739
2	5.47944
9	2.91334
9	3.39185
7	5.96265
0	2.81056
9	1.6427
5	3.36938
8	3.10126
7	4.05181
0	5.79213
1	3.11337
7	4.74841
3	3.07893
1	3.50819
5	3.07093
9	4.48612
7	5.47291
4	6.22415
0	9.74072
0	7.47731
4	3.45139
9	1.95671
6	2.03802
8	5.74086
1	3.16452
2	7.35362
9	2.09857
6	3.43624
7	3.69561
1	3.19323
3	1.61827
9	2.83568
6	2.67222
7	2.76272
5	1.88931
6	1.29732
9	5.76959
6	3.94379
8	4.94924
1	3.45645
6	4.45574
6	2.76402
6	3.26033
4	2.41129
4	2.48009
1	1.82697
7	5.72538
3	1.91065
5	3.24663
7	6.50004
6	2.72384
7	5.90695
2	6.1429
3	4.21398
0	3.39149
8	2.58317
7	3.75057
1	3.31691
0	4.05656
4	4.5237
8	3.26074
2	3.01529
1	3.16986
2	3.78017
9	3.08977
1	2.97945
9	3.97778
4	1.22058
8	2.39685
7	6.07124
5	1.91868
3	3.80241
4	3.65239
9	4.78387
6	3.84005
4	2.61665
8	3.34618
1	2.72523
2	0.957044
1	2.20913
4	3.51918
8	5.59547
0	4.2834
8	1.46917
0	5.24657
4	3.38152
8	2.21238
4	3.22681
3	4.66199
3	4.37449
4	3.72393
8	2.4225
7	3.60577
6	3.62186
8	3.04298
4	3.99641
8	2.14533
2	3.67272
0	5.61008
7	4.28923
4	3.89238
7	4.55418
0	10.1797
0	5.33431
6	5.09707
4	6.51631
8	5.42177
2	5.26696
4	2.9278
0	10.7262
0	7.31686
6	1.68797
4	2.33373
5	2.6969
4	2.00269
2	5.43476
3	2.52176
0	3.70459
1	1.2628
4	2.3803
8	2.58111
6	3.88851
5	2.41977
6	0.695163
1	2.59658
4	2.00842
4	1.10876
4	0.450396
7	4.20529
4	6.22382
4	3.7575
2	5.52264
5	4.23999
4	4.86233
4	4.06455
4	2.38186
2	5.29991
0	4.09174
3	5.26121
4	4.96575
4	2.72628
1	2.28282
3	3.38653
6	2.20452
3	1.48118
4	3.09394
1	3.56908
9	3.38228
9	4.23088
2	3.81614
0	6.07415
8	6.01081
7	4.38147
4	2.07989
4	2.00136
4	3.41439
3	2.63356
2	2.38189
2	1.9281
1	2.87024
4	3.26702
4	2.84539
0	3.2599
4	2.22165
7	1.65977
4	3.63796
5	4.39554
5	2.42944
8	4.40154
4	2.49549
4	4.58789
4	4.42836
7	4.09009
1	2.47985
1	3.10371
4	2.39546
4	3.16669
2	4.20695
3	4.15946
0	4.73516
4	4.27191
4	3.62502
2	4.78762
5	2.93055
8	3.32588
6	3.13084
5	3.9836
5	5.48271
0	3.9392
9	2.02978
4	1.55421
2	4.43769
0	4.24854
9	2.14518
5	1.68278
4	2.18668
4	1.588
0	2.75799
1	2.32468
5	4.19984
3	2.46827
5	4.4245
3	4.39391
8	3.04369
5	2.76523
4	2.59777
4	2.67134
0	3.37701
9	1.73381
5	7.09312
3	5.31562
4	5.61039
0	4.67696
2	3.00547
0	5.72027
3	3.24424
0	8.64474
5	6.27821
4	3.95994
1	3.34614
4	4.88408
1	3.77157
0	6.96673
3	6.04814
0	5.63202
4	4.8023
2	1.13951
4	4.4533
1	3.74424
9	4.54205
6	5.833
4	1.53347
2	5.48258
0	8.89592
3	4.25972
3	4.92314
6	4.14435
6	3.82474
8	3.03683
5	1.29116
6	1.78467
5	2.63529
0	6.90894
2	4.20649
3	4.33856
3	4.31638
3	4.15126
3	3.93559
9	2.62376
1	3.53591
4	3.02841
1	3.34747
3	2.50415
0	4.69913
5	5.50516
5	7.75023
1	3.49455
8	4.05377
2	4.94727
5	5.4179
0	8.5195
3	4.45873
6	7.39124
9	3.54765
0	5.11502
0	4.43435
0	6.83529
5	5.90743
5	6.97478
0	4.87299
3	4.852
4	4.85694
0	5.41976
6	4.65205
4	3.27972
1	2.50787
3	3.82389
3	5.17286
0	1.64565
4	5.2837
1	3.57064
1	3.6649
2	1.37242
6	2.54739
4	3.3072
1	3.20242
4	4.75184
1	3.53438
6	2.6417
6	2.11615
1	1.72105
0	2.51808
2	5.76177
6	2.7857
4	4.10626
1	1.865
1	2.37386
1	2.2317
6	1.73033
6	4.32732
2	0.906612
1	3.26698
5	4.17202
6	2.07729
6	2.51805
0	3.15501
4	0.964763
3	2.40906
6	5.87297
7	6.93188
0	6.24773
3	3.75673
9	2.4973
8	3.64345
4	4.42568
1	3.62721
2	4.11971
1	3.2533
8	3.03158
2	5.98739
6	4.7506
0	6.70024
1	1.94072
4	4.8204
4	2.54915
6	5.46078
8	1.65313
2	1.43983
7	3.08831
1	3.52778
4	2.99928
6	2.58686
3	4.19137
7	2.76953
1	2.81107
0	3.2661
3	3.84029
7	4.01837
2	1.89179
1	2.11298
4	1.59433
4	2.35774
9	2.9597
7	4.03266
1	2.62076
1	3.15043
0	3.21951
5	3.63567
7	3.9669
1	3.70756
1	3.40109
1	3.48704
2	3.69923
4	1.9213
4	1.88358
8	1.72898
1	2.94865
1	2.77883
0	3.54314
2	8.59265
8	1.47211
6	4.034
0	2.73383
0	4.65881
2	3.25361
8	2.54991
8	3.71964
7	3.29773
0	6.51281
3	3.4824
3	2.97767
0	5.96888
1	2.52894
0	5.82728
3	2.69321
3	3.72919
0	4.02879
1	2.86956
0	5.28518
2	8.30814
9	2.99116
0	6.37251
6	3.64653
0	5.60816
2	1.99072
8	1.62878
4	2.78343
0	4.47753
0	3.32511
2	2.34884
9	3.94885
0	4.70067
1	3.07837
3	2.48668
9	1.76268
4	2.22795
0	9.67578
5	1.3775
2	6.56395
9	3.46341
0	6.70733
6	7.74199
7	4.8809
2	2.57115
9	2.30359
8	2.99532
0	5.50177
1	3.23423
2	8.00242
9	2.94525
5	3.88984
5	7.25419
0	5.84681
2	3.80921
9	3.60732
9	4.07177
0	6.80294
5	3.63294
5	6.61851
5	5.95723
1	3.87946
0	4.88236
1	3.48804
2	1.50116
9	2.15326
2	1.20262
0	5.40096
1	1.87106
0	0.896224
0	3.74278
3	2.97094
2	4.63308
2	2.45565
7	4.85003
0	4.35181
1	3.55363
2	6.61151
4	2.21567
2	1.45666
2	4.31363
1	2.83153
0	6.1333
6	3.02875
4	2.76109
1	2.63149
1	3.0438
6	2.47727
1	3.26311
1	3.44235
7	6.52279
6	4.94681
0	4.99181
5	8.7822
7	3.28766
1	3.75204
8	3.67713
8	4.76311
6	5.34919
0	5.0378
0	6.09553
1	3.19794
5	1.23605
9	2.142
7	0.900224
0	4.51431
1	3.59588
0	3.82474
9	3.59704
9	3.32283
1	3.59588
1	3.43373
5	4.35698
7	4.17763
5	3.50325
5	3.81027
7	3.54153
2	4.01852
1	3.83546
2	9.11466
5	3.6253
7	4.10591
0	4.80797
6	2.8584
8	1.65199
8	3.50546
1	0.679795
2	7.2809
7	5.15429
4	3.29397
9	2.71728
9	3.26056
5	1.80488
1	2.18782
6	2.46714
9	3.57842
9	3.65205
5	3.89041
6	2.43248
5	4.32615
7	2.39081
2	9.66629
0	3.3401
0	4.36626
9	1.38799
5	4.53704
3	5.76984
6	5.35318
2	5.62673
7	6.01313
2	4.88274
2	5.11766
0	6.83123
3	5.20295
2	7.54565
4	1.06099
2	8.70966
3	5.13652
7	5.98375
5	2.25461
3	4.97094
5	4.32398
5	3.20203
7	3.84962
2	4.27771
7	3.86955
1	3.41618
2	2.71039
7	5.72938
2	2.77029
3	4.5968
1	3.58464
5	7.10313
5	2.67647
9	3.84973
5	3.34346
0	5.37716
5	4.84545
3	4.04549
8	5.4816
8	5.23235
0	7.07505
3	6.33286
1	3.44067
9	1.80315
1	2.3759
3	3.92027
7	4.98831
1	2.38414
9	3.63638
1	3.0324
4	2.41884
1	2.8164
1	2.4424
9	3.9665
1	3.03958
2	1.15192
9	3.53418
1	3.10764
9	0.994201
2	7.01252
5	3.438
5	3.4133
1	3.32716
9	4.52217
1	3.35038
7	3.64927
0	6.52123
1	3.6007
4	3.83625
1	3.05523
0	5.32755
1	3.13756
1	3.69948
9	2.71856
1	3.23515
5	2.37979
4	4.67422
8	1.88328
5	1.57273
7	4.44492
9	1.73361
6	3.74172
8	1.82978
0	4.80703
3	3.53365
2	4.15399
2	3.19811
6	2.81822
4	2.94463
1	3.42234
4	2.60752
1	3.452
8	4.33835
6	3.52026
6	4.07992
3	6.12021
5	3.55698
9	3.65918
7	3.8158
2	3.95781
0	6.11165
2	9.68679
9	6.55085
9	3.79254
2	6.81655
9	3.47794
9	4.21642
7	4.86484
2	6.87839
2	2.3029
5	4.98745
1	1.97782
0	3.93279
0	4.77604
4	2.5265
6	1.64794
7	4.40563
0	7.511
1	3.48254
3	3.34539
0	3.55111
8	2.37891
4	2.2277
3	2.01565
3	1.80006
4	2.41396
5	6.27884
9	3.26239
1	2.8338
0	4.93099
1	2.81888
0	4.10348
6	3.82563
1	3.2994
5	5.91359
4	3.55359
0	3.36815
6	3.46894
1	2.9823
0	3.60561
5	2.22877
6	3.50405
3	3.91315
1	3.33648
1	3.60628
0	2.63196
6	5.78343
4	4.1754
1	3.8796
1	3.71103
1	3.94531
0	4.89569
3	4.81005
0	6.0758
4	2.39735
7	2.32927
5	4.10437
2	6.53362
6	2.48237
2	9.36053
0	3.0776
0	6.39634
9	3.87633
9	5.08451
7	5.82057
9	5.12475
9	4.21491
6	4.90673
6	5.37645
8	3.49248
9	4.51864
1	3.63257
2	7.3352
0	9.54426
3	3.25563
6	8.478
7	3.54687
0	7.55532
8	2.51845
5	4.7578
5	9.1051
7	2.7285
1	3.79467
3	5.50293
1	3.63123
4	3.2082
2	9.06639
7	5.63879
9	3.77235
5	3.39512
5	4.81834
4	4.52598
6	4.92113
0	6.99365
8	1.64506
0	3.78039
1	3.31731
5	3.27365
7	4.94611
5	3.82007
0	6.49946
1	3.3656
2	1.36965
5	3.34416
1	3.5326
1	3.70637
4	2.87007
9	4.4324
9	4.48469
3	1.73027
0	7.4881
8	6.06157
9	2.57031
9	2.69625
7	3.29718
0	4.20054
9	3.62151
8	4.68437
4	3.59191
0	5.38293
1	3.69358
0	5.18785
9	4.111
7	6.33709
0	9.16153
7	6.28003
5	6.46098
9	2.48673
7	4.75664
3	4.1309
3	3.85376
1	2.87761
9	4.0769
7	6.73407
2	5.75056
0	6.362
1	3.56602
5	3.55374
5	4.23684
1	3.10878
9	2.83278
0	3.63376
5	3.86408
5	3.88807
1	3.64383
0	7.62334
7	2.59502
3	2.63311
5	8.32492
1	3.56725
8	2.21899
2	3.35269
5	3.91869
5	4.35158
1	3.04906
8	2.6215
2	3.42953
8	1.7803
1	2.42417
4	3.80938
3	2.86164
8	1.62563
8	3.39141
0	6.05706
9	2.41562
0	4.43034
9	3.15012
6	5.33307
3	3.33617
1	3.26397
7	2.90341
8	4.95922
7	4.41769
5	3.27837
5	4.05306
4	1.35901
6	3.36533
5	3.65354
5	5.59928
4	6.67276
6	5.47307
0	5.11207
5	3.03194
5	3.92197
4	3.98287
6	4.53689
0	6.50599
3	3.29395
5	2.19124
4	2.88969
6	2.6024
0	5.47975
5	3.00094
5	5.91496
1	3.5622
8	3.29117
2	6.56297
5	6.41147
5	2.24918
1	3.58407
0	6.85047
8	3.6164
5	6.70952
0	6.38753
3	5.94815
0	9.9357
4	2.26433
7	4.51759
5	3.29949
2	6.38195
0	4.85818
4	2.65463
3	2.58308
9	3.75398
4	3.59984
0	9.92865
1	3.72662
