-0.991929
-0.972557
-0.930956
-0.853715
-0.734951
-0.580235
-0.392483
-0.226989
-0.21747
-0.351634
-0.51716
-0.670812
-0.799096
-0.893274
-0.953951
-0.985722
-0.982049
-0.93962
-0.848182
-0.687139
-0.468549
-0.236652
-0.0104661
0.169037
0.166962
0.000575175
-0.195307
-0.40514
-0.621115
-0.796834
-0.910472
-0.970693
-0.972344
-0.908917
-0.774083
-0.553005
-0.301348
-0.108794
0.0241465
0.121127
0.0938665
-0.0263137
-0.130688
-0.278694
-0.508488
-0.73439
-0.884423
-0.96215
-0.964197
-0.884015
-0.72083
-0.480033
-0.25924
-0.15972
-0.134883
-0.110839
-0.142934
-0.190815
-0.18728
-0.251017
-0.456325
-0.700429
-0.873181
-0.961182
-0.95676
-0.861716
-0.683811
-0.451379
-0.276722
-0.242718
-0.27267
-0.275193
-0.286165
-0.277784
-0.224063
-0.255743
-0.44326
-0.684027
-0.864652
-0.960284
-0.947774
-0.839315
-0.659491
-0.4488
-0.304465
-0.285991
-0.316657
-0.306786
-0.287803
-0.262376
-0.227436
-0.280945
-0.46172
-0.681618
-0.853362
-0.953925
-0.935946
-0.817797
-0.645806
-0.46078
-0.334342
-0.304039
-0.302037
-0.256573
-0.21439
-0.203471
-0.218826
-0.311599
-0.486942
-0.678989
-0.835277
-0.940304
-0.921945
-0.799148
-0.639142
-0.480404
-0.377233
-0.343273
-0.307627
-0.222751
-0.159117
-0.158666
-0.212257
-0.329036
-0.491735
-0.660041
-0.807911
-0.921639
-0.907264
-0.780459
-0.632203
-0.502716
-0.433911
-0.415475
-0.361868
-0.240688
-0.147381
-0.145482
-0.219541
-0.336863
-0.473739
-0.623365
-0.774147
-0.902839
-0.892941
-0.756856
-0.614617
-0.513365
-0.482322
-0.486461
-0.425134
-0.27327
-0.15083
-0.155855
-0.247617
-0.346213
-0.446681
-0.583581
-0.746087
-0.891398
-0.882127
-0.732069
-0.584549
-0.497653
-0.495259
-0.520886
-0.456178
-0.281254
-0.146857
-0.17611
-0.27772
-0.342942
-0.412909
-0.553462
-0.735607
-0.89257
-0.884277
-0.723344
-0.55579
-0.455505
-0.457134
-0.494596
-0.429073
-0.243241
-0.12013
-0.175486
-0.267951
-0.309096
-0.384393
-0.551654
-0.751304
-0.905709
-0.904164
-0.750411
-0.561792
-0.415187
-0.370503
-0.38055
-0.302091
-0.115448
-0.020368
-0.102571
-0.197158
-0.266168
-0.398158
-0.600427
-0.796132
-0.927121
-0.935574
-0.816476
-0.636405
-0.441794
-0.301238
-0.213756
-0.0766402
0.115188
0.166159
0.0246508
-0.141095
-0.303594
-0.503043
-0.706656
-0.860306
-0.950792
-0.967521
-0.900359
-0.776618
-0.597044
-0.395849
-0.199059
0.0254531
0.235163
0.235608
0.00534762
-0.262959
-0.495506
-0.691877
-0.836098
-0.924077
-0.972615
-0.98929
-0.964919
-0.913192
-0.820478
-0.683147
-0.506931
-0.296504
-0.11981
-0.139152
-0.359603
-0.598773
-0.769281
-0.876051
-0.937026
-0.970444
-0.989271
0