0.0506666
0.117682
0.195271
0.283339
0.372689
0.434248
0.450908
0.452347
0.443544
0.453474
0.451161
0.409081
0.340842
0.251527
0.153578
0.0698049
0.0876594
0.196363
0.32429
0.456751
0.562644
0.603266
0.563906
0.530878
0.522318
0.554093
0.600982
0.583547
0.511082
0.395101
0.2562
0.122687
0.112822
0.244374
0.392777
0.530079
0.611456
0.61377
0.548636
0.558238
0.56401
0.545837
0.603381
0.617904
0.563669
0.447163
0.299131
0.145134
0.131656
0.278507
0.4372
0.569659
0.630511
0.613067
0.570894
0.626708
0.614058
0.550239
0.605136
0.635397
0.591701
0.469483
0.304989
0.141766
0.146605
0.310827
0.479672
0.602116
0.643898
0.614973
0.578634
0.62609
0.608832
0.552707
0.613982
0.646938
0.608777
0.489684
0.31301
0.137462
0.165136
0.3526
0.521455
0.622893
0.646629
0.617027
0.573552
0.616488
0.622654
0.579469
0.622631
0.642011
0.602868
0.501272
0.339006
0.152995
0.192516
0.396953
0.552159
0.632042
0.644333
0.617047
0.583455
0.645621
0.663204
0.613666
0.628288
0.626607
0.587728
0.508373
0.376726
0.190713
0.227389
0.432163
0.567254
0.631729
0.639288
0.608388
0.588965
0.663219
0.666694
0.614109
0.623552
0.611023
0.58106
0.524868
0.416872
0.23245
0.257879
0.456428
0.570606
0.621502
0.624038
0.585873
0.581128
0.660299
0.648903
0.603286
0.610476
0.601946
0.593073
0.554151
0.454425
0.264214
0.275075
0.47595
0.580116
0.617197
0.608448
0.566277
0.572516
0.65237
0.643954
0.603899
0.593645
0.598821
0.613444
0.582247
0.478132
0.274447
0.279786
0.490003
0.596928
0.629564
0.613099
0.568543
0.572267
0.649046
0.651062
0.595196
0.579054
0.613313
0.639913
0.60101
0.475984
0.25926
0.265933
0.482297
0.605856
0.647558
0.631859
0.579344
0.562635
0.63968
0.63953
0.564365
0.581479
0.643716
0.66229
0.598108
0.444014
0.228553
0.230583
0.439111
0.585802
0.656816
0.660992
0.605029
0.551566
0.607844
0.587435
0.532906
0.615609
0.675725
0.65858
0.556868
0.385543
0.192475
0.181515
0.363164
0.519814
0.627328
0.674527
0.6455
0.55854
0.541045
0.509606
0.542925
0.65455
0.669824
0.598065
0.466801
0.311487
0.156548
0.121684
0.252852
0.388902
0.516818
0.615235
0.648
0.586868
0.52076
0.513393
0.583058
0.628643
0.570729
0.45828
0.336291
0.22403
0.113488
0.0568855
0.125336
0.206789
0.301786
0.398571
0.471069
0.480926
0.451723
0.44969
0.457932
0.421831
0.336982
0.251067
0.182999
0.122025
0.0595265
1